#### 	 Vertical City Weather Generator (VCWG)  	 #### 
# Building energy model terms 
# 0:time [hr] 1:sensCoolDemand [W m^-2] 2:sensHeatDemand [W m^-2] 3:dehumDemand [W m^-2] 4:coolConsump [W m^-2] 5:sensWasteCoolHeatDehum [W m^-2] 6:heatConsump [W m^-2] 7:indoorTemp [K] 8:QWater [W m^-2] 9:QGas [W m^-2] 10:sensWaste [W m^-2] 11:elecDomesticDemand [W m^-2] 12:sensWaterHeatDemand [W m^-2]
0 1.158837 0.000000 0.115884 0.407259 1.681980 0.000000 297.050000 0.261482 0.000000 1.943462 11.845851 1.045928 
1 0.000000 0.000000 0.000000 0.000000 0.000000 0.000000 296.717515 0.065371 0.000000 0.065371 11.348117 0.261482 
2 0.000000 0.000000 0.000000 0.000000 0.000000 0.000000 296.409034 0.065371 0.000000 0.065371 11.099249 0.261482 
3 0.000000 0.000000 0.000000 0.000000 0.000000 0.000000 296.512906 0.261482 0.000000 0.261482 14.040660 1.045928 
4 0.000000 0.000000 0.000000 0.000000 0.000000 0.000000 296.247403 1.765004 0.000000 1.765004 20.358930 7.060016 
5 0.000000 0.000000 0.000000 0.000000 0.000000 0.000000 296.332148 6.144829 0.000000 6.144829 24.224012 24.579317 
6 0.000000 0.000000 0.000000 0.000000 0.000000 0.000000 296.280976 6.537052 0.000000 6.537052 25.809501 26.148209 
7 0.000000 0.000000 0.000000 0.000000 0.000000 0.000000 295.760749 6.275570 0.000000 6.275570 20.641271 25.102281 
8 0.000000 0.000000 0.000000 0.000000 0.000000 0.000000 295.621923 5.491124 0.000000 5.491124 19.591015 21.964496 
9 0.000000 0.000000 0.000000 0.000000 0.000000 0.000000 295.759215 4.968160 0.000000 4.968160 20.088750 19.872639 
10 0.000000 0.000000 0.000000 0.000000 0.000000 0.000000 296.134736 3.987602 0.000000 3.987602 20.337618 15.950408 
11 0.000000 0.000000 0.000000 0.000000 0.000000 0.000000 296.864700 3.464638 0.000000 3.464638 20.088750 13.858551 
12 0.000000 0.000000 0.000000 0.000000 0.000000 0.000000 296.971229 3.072415 0.000000 3.072415 19.342148 12.289658 
13 5.616725 0.000000 0.561672 1.973929 8.152326 0.000000 297.050000 2.680191 0.000000 10.832518 19.093281 10.720766 
14 2.195678 0.000000 0.219568 0.771644 3.186889 0.000000 297.050000 3.072415 0.000000 6.259304 21.972406 12.289658 
15 7.418360 0.000000 0.741836 2.607092 10.767288 0.000000 297.050000 3.595379 0.000000 14.362667 30.670053 14.381515 
16 17.006954 0.000000 1.700695 5.976885 24.684534 0.000000 297.050000 4.772048 0.000000 29.456582 39.985982 19.088193 
17 25.476385 0.000000 2.547639 8.953362 36.977386 0.000000 297.050000 5.621865 0.000000 42.599251 45.206986 22.487460 
18 26.846643 0.000000 2.684664 9.434922 38.966230 0.000000 297.050000 5.360383 0.000000 44.326613 47.313259 21.441531 
19 26.184589 0.000000 2.618459 9.202252 38.005300 0.000000 297.050000 4.902789 0.000000 42.908089 46.660954 19.611157 
20 9.755602 0.000000 0.975560 3.428486 14.159648 0.000000 297.050000 3.987602 0.000000 18.147250 38.115864 15.950408 
21 0.000000 0.000000 0.000000 0.000000 0.000000 0.000000 296.454072 3.464638 0.000000 3.464638 27.082100 13.858551 
22 0.000000 0.000000 0.000000 0.000000 0.000000 0.000000 295.672857 1.895745 0.000000 1.895745 18.356191 7.582981 
23 0.000000 0.000000 0.000000 0.000000 0.000000 0.000000 295.096828 0.522964 0.000000 0.522964 12.841321 2.091857 
24 0.000000 0.000000 0.000000 0.000000 0.000000 0.000000 294.715332 0.261482 0.000000 0.261482 11.845851 1.045928 
25 0.000000 0.000000 0.000000 0.000000 0.000000 0.000000 294.395915 0.065371 0.000000 0.065371 11.348117 0.261482 
26 0.000000 2.222203 0.000000 0.000000 0.555551 2.777754 294.250000 0.065371 0.000000 0.620921 11.099249 0.261482 
27 0.000000 3.118175 0.000000 0.000000 0.779544 3.897719 294.250000 0.261482 0.000000 1.041026 14.040660 1.045928 
28 0.000000 2.205945 0.000000 0.000000 0.551486 2.757431 294.250000 1.765004 0.000000 2.316490 20.358930 7.060016 
29 0.000000 2.927175 0.000000 0.000000 0.731794 3.658969 294.250000 6.144829 0.000000 6.876623 24.224012 24.579317 
30 0.000000 5.517338 0.000000 0.000000 1.379334 6.896672 294.250000 6.537052 0.000000 7.916387 25.809501 26.148209 
31 0.000000 14.437551 0.000000 0.000000 3.609388 18.046938 294.250000 6.275570 0.000000 9.884958 20.641271 25.102281 
32 0.000000 8.430400 0.000000 0.000000 2.107600 10.538000 294.250000 5.491124 0.000000 7.598724 19.591015 21.964496 
33 0.000000 0.725014 0.000000 0.000000 0.181254 0.906268 294.250000 4.968160 0.000000 5.149413 20.088750 19.872639 
34 0.000000 0.000000 0.000000 0.000000 0.000000 0.000000 294.559908 3.987602 0.000000 3.987602 20.337618 15.950408 
35 0.000000 0.000000 0.000000 0.000000 0.000000 0.000000 294.805095 3.464638 0.000000 3.464638 20.088750 13.858551 
36 0.000000 0.000000 0.000000 0.000000 0.000000 0.000000 294.969390 3.072415 0.000000 3.072415 19.342148 12.289658 
37 0.000000 0.000000 0.000000 0.000000 0.000000 0.000000 295.069243 2.680191 0.000000 2.680191 19.093281 10.720766 
38 0.000000 0.000000 0.000000 0.000000 0.000000 0.000000 295.313735 3.072415 0.000000 3.072415 21.972406 12.289658 
39 0.000000 0.000000 0.000000 0.000000 0.000000 0.000000 295.839094 3.595379 0.000000 3.595379 30.670053 14.381515 
40 0.000000 0.000000 0.000000 0.000000 0.000000 0.000000 296.344270 4.772048 0.000000 4.772048 39.985982 19.088193 
41 0.000000 0.000000 0.000000 0.000000 0.000000 0.000000 296.646541 5.621865 0.000000 5.621865 45.206986 22.487460 
42 9.782389 0.000000 0.978239 3.437900 14.198528 0.000000 297.050000 5.360383 0.000000 19.558911 47.313259 21.441531 
43 21.200334 0.000000 2.120033 7.450596 30.770963 0.000000 297.050000 4.902789 0.000000 35.673753 46.660954 19.611157 
44 28.328428 0.000000 2.832843 9.955678 41.116949 0.000000 297.050000 3.987602 0.000000 45.104550 38.115864 15.950408 
45 22.668606 0.000000 2.266861 7.966603 32.902069 0.000000 297.050000 3.464638 0.000000 36.366707 27.082100 13.858551 
46 8.887913 0.000000 0.888791 3.123548 12.900252 0.000000 297.050000 1.895745 0.000000 14.795997 18.356191 7.582981 
47 0.000000 0.000000 0.000000 0.000000 0.000000 0.000000 296.530600 0.522964 0.000000 0.522964 12.841321 2.091857 
48 0.000000 0.000000 0.000000 0.000000 0.000000 0.000000 296.002145 0.261482 0.000000 0.261482 11.845851 1.045928 
49 0.000000 0.000000 0.000000 0.000000 0.000000 0.000000 295.854311 0.065371 0.000000 0.065371 11.348117 0.261482 
50 0.000000 0.000000 0.000000 0.000000 0.000000 0.000000 295.637561 0.065371 0.000000 0.065371 11.099249 0.261482 
51 0.000000 0.000000 0.000000 0.000000 0.000000 0.000000 295.335800 0.261482 0.000000 0.261482 14.040660 1.045928 
52 0.000000 0.000000 0.000000 0.000000 0.000000 0.000000 294.613867 1.765004 0.000000 1.765004 20.358930 7.060016 
53 0.000000 8.896035 0.000000 0.000000 2.224009 11.120044 294.250000 6.144829 0.000000 8.368838 24.224012 24.579317 
54 0.000000 4.434070 0.000000 0.000000 1.108518 5.542588 294.250000 6.537052 0.000000 7.645570 25.809501 26.148209 
55 0.000000 4.627284 0.000000 0.000000 1.156821 5.784105 294.250000 6.275570 0.000000 7.432391 20.641271 25.102281 
56 0.000000 0.000000 0.000000 0.000000 0.000000 0.000000 294.271629 5.491124 0.000000 5.491124 19.591015 21.964496 
57 0.000000 0.000000 0.000000 0.000000 0.000000 0.000000 294.469477 4.968160 0.000000 4.968160 20.088750 19.872639 
58 0.000000 0.000000 0.000000 0.000000 0.000000 0.000000 294.594636 3.987602 0.000000 3.987602 20.337618 15.950408 
59 0.000000 0.000000 0.000000 0.000000 0.000000 0.000000 294.767739 3.464638 0.000000 3.464638 20.088750 13.858551 
60 0.000000 0.000000 0.000000 0.000000 0.000000 0.000000 294.795418 3.072415 0.000000 3.072415 19.342148 12.289658 
61 0.000000 0.000000 0.000000 0.000000 0.000000 0.000000 294.760446 2.680191 0.000000 2.680191 19.093281 10.720766 
62 0.000000 0.000000 0.000000 0.000000 0.000000 0.000000 294.862103 3.072415 0.000000 3.072415 21.972406 12.289658 
63 0.000000 0.000000 0.000000 0.000000 0.000000 0.000000 295.497223 3.595379 0.000000 3.595379 30.670053 14.381515 
64 0.000000 0.000000 0.000000 0.000000 0.000000 0.000000 296.150882 4.772048 0.000000 4.772048 39.985982 19.088193 
65 0.000000 0.000000 0.000000 0.000000 0.000000 0.000000 296.720627 5.621865 0.000000 5.621865 45.206986 22.487460 
66 7.441717 0.000000 0.744172 2.615300 10.801188 0.000000 297.050000 5.360383 0.000000 16.161571 47.313259 21.441531 
67 14.085723 0.000000 1.408572 4.950254 20.444549 0.000000 297.050000 4.902789 0.000000 25.347338 46.660954 19.611157 
68 11.126299 0.000000 1.112630 3.910201 16.149130 0.000000 297.050000 3.987602 0.000000 20.136732 38.115864 15.950408 
69 7.014247 0.000000 0.701425 2.465071 10.180743 0.000000 297.050000 3.464638 0.000000 13.645381 27.082100 13.858551 
70 0.000000 0.000000 0.000000 0.000000 0.000000 0.000000 296.514115 1.895745 0.000000 1.895745 18.356191 7.582981 
71 0.000000 0.000000 0.000000 0.000000 0.000000 0.000000 296.262391 0.522964 0.000000 0.522964 12.841321 2.091857 
72 0.000000 0.000000 0.000000 0.000000 0.000000 0.000000 295.810540 0.261482 0.000000 0.261482 11.845851 1.045928 
73 0.000000 0.000000 0.000000 0.000000 0.000000 0.000000 295.552962 0.065371 0.000000 0.065371 11.348117 0.261482 
74 0.000000 0.000000 0.000000 0.000000 0.000000 0.000000 295.489025 0.065371 0.000000 0.065371 11.099249 0.261482 
75 0.000000 0.000000 0.000000 0.000000 0.000000 0.000000 295.586820 0.261482 0.000000 0.261482 14.040660 1.045928 
76 0.000000 0.000000 0.000000 0.000000 0.000000 0.000000 294.509155 1.765004 0.000000 1.765004 20.358930 7.060016 
77 0.000000 4.960213 0.000000 0.000000 1.240053 6.200266 294.250000 6.144829 0.000000 7.384882 24.224012 24.579317 
78 0.000000 0.000000 0.000000 0.000000 0.000000 0.000000 294.579341 6.537052 0.000000 6.537052 25.809501 26.148209 
79 0.000000 0.000000 0.000000 0.000000 0.000000 0.000000 294.663464 6.275570 0.000000 6.275570 20.641271 25.102281 
80 0.000000 0.000000 0.000000 0.000000 0.000000 0.000000 295.197090 5.491124 0.000000 5.491124 19.591015 21.964496 
81 0.000000 0.000000 0.000000 0.000000 0.000000 0.000000 296.217926 4.968160 0.000000 4.968160 20.088750 19.872639 
82 1.997248 0.000000 0.199725 0.701908 2.898881 0.000000 297.050000 3.987602 0.000000 6.886483 20.337618 15.950408 
83 15.888989 0.000000 1.588899 5.583990 23.061878 0.000000 297.050000 3.464638 0.000000 26.526516 20.088750 13.858551 
84 26.246110 0.000000 2.624611 9.223873 38.094593 0.000000 297.050000 3.072415 0.000000 41.167008 19.342148 12.289658 
85 32.267092 0.000000 3.226709 11.339873 46.833674 0.000000 297.050000 2.680191 0.000000 49.513866 19.093281 10.720766 
86 36.634184 0.000000 3.663418 12.874633 53.172236 0.000000 297.050000 3.072415 0.000000 56.244650 21.972406 12.289658 
87 44.573894 0.000000 4.457389 15.664947 64.696231 0.000000 297.050000 3.595379 0.000000 68.291610 30.670053 14.381515 
88 55.269187 0.000000 5.526919 19.423676 80.219781 0.000000 297.050000 4.772048 0.000000 84.991829 39.985982 19.088193 
89 58.040192 0.000000 5.804019 20.397512 84.241723 0.000000 297.050000 5.621865 0.000000 89.863588 45.206986 22.487460 
90 54.652943 0.000000 5.465294 19.207105 79.325342 0.000000 297.050000 5.360383 0.000000 84.685725 47.313259 21.441531 
91 65.202246 0.000000 6.520225 22.914527 94.636998 0.000000 297.050000 4.902789 0.000000 99.539788 46.660954 19.611157 
92 55.092650 0.000000 5.509265 19.361634 79.963548 0.000000 297.050000 3.987602 0.000000 83.951150 38.115864 15.950408 
93 37.986528 0.000000 3.798653 13.349898 55.135079 0.000000 297.050000 3.464638 0.000000 58.599717 27.082100 13.858551 
94 23.767101 0.000000 2.376710 8.352655 34.496467 0.000000 297.050000 1.895745 0.000000 36.392212 18.356191 7.582981 
95 0.000000 0.000000 0.000000 0.000000 0.000000 0.000000 296.901933 0.522964 0.000000 0.522964 12.841321 2.091857 
96 0.000000 0.000000 0.000000 0.000000 0.000000 0.000000 296.533962 0.261482 0.000000 0.261482 11.845851 1.045928 
97 0.000000 0.000000 0.000000 0.000000 0.000000 0.000000 296.408015 0.065371 0.000000 0.065371 11.348117 0.261482 
98 0.000000 0.000000 0.000000 0.000000 0.000000 0.000000 295.977830 0.065371 0.000000 0.065371 11.099249 0.261482 
99 0.000000 0.000000 0.000000 0.000000 0.000000 0.000000 295.980966 0.261482 0.000000 0.261482 14.040660 1.045928 
100 0.000000 0.000000 0.000000 0.000000 0.000000 0.000000 295.340924 1.765004 0.000000 1.765004 20.358930 7.060016 
101 0.000000 0.000000 0.000000 0.000000 0.000000 0.000000 296.142205 6.144829 0.000000 6.144829 24.224012 24.579317 
102 0.000000 0.000000 0.000000 0.000000 0.000000 0.000000 296.808085 6.537052 0.000000 6.537052 25.809501 26.148209 
103 0.000000 0.000000 0.000000 0.000000 0.000000 0.000000 297.024085 6.275570 0.000000 6.275570 20.641271 25.102281 
104 13.273595 0.000000 1.327359 4.664842 19.265796 0.000000 297.050000 5.491124 0.000000 24.756920 19.591015 21.964496 
105 26.359428 0.000000 2.635943 9.263697 38.259067 0.000000 297.050000 4.968160 0.000000 43.227227 20.088750 19.872639 
106 35.248855 0.000000 3.524886 12.387777 51.161518 0.000000 297.050000 3.987602 0.000000 55.149119 20.337618 15.950408 
107 40.480630 0.000000 4.048063 14.226420 58.755113 0.000000 297.050000 3.464638 0.000000 62.219750 20.088750 13.858551 
108 46.886825 0.000000 4.688683 16.477798 68.053306 0.000000 297.050000 3.072415 0.000000 71.125720 19.342148 12.289658 
109 48.358913 0.000000 4.835891 16.995145 70.189950 0.000000 297.050000 2.680191 0.000000 72.870142 19.093281 10.720766 
110 53.420539 0.000000 5.342054 18.773991 77.536585 0.000000 297.050000 3.072415 0.000000 80.608999 21.972406 12.289658 
111 62.613207 0.000000 6.261321 22.004641 90.879169 0.000000 297.050000 3.595379 0.000000 94.474548 30.670053 14.381515 
112 67.157368 0.000000 6.715737 23.601631 97.474736 0.000000 297.050000 4.772048 0.000000 102.246784 39.985982 19.088193 
113 70.662723 0.000000 7.066272 24.833545 102.562540 0.000000 297.050000 5.621865 0.000000 108.184405 45.206986 22.487460 
114 72.989058 0.000000 7.298906 25.651107 105.939070 0.000000 297.050000 5.360383 0.000000 111.299453 47.313259 21.441531 
115 85.994346 0.000000 8.599435 30.221655 124.815436 0.000000 297.050000 4.902789 0.000000 129.718225 46.660954 19.611157 
116 78.011450 0.000000 7.801145 27.416164 113.228759 0.000000 297.050000 3.987602 0.000000 117.216361 38.115864 15.950408 
117 60.668497 0.000000 6.066850 21.321197 88.056544 0.000000 297.050000 3.464638 0.000000 91.521181 27.082100 13.858551 
118 45.739726 0.000000 4.573973 16.074664 66.388363 0.000000 297.050000 1.895745 0.000000 68.284108 18.356191 7.582981 
119 34.672261 0.000000 3.467226 12.185140 50.324627 0.000000 297.050000 0.522964 0.000000 50.847591 12.841321 2.091857 
120 28.613472 0.000000 2.861347 10.055853 41.530673 0.000000 297.050000 0.261482 0.000000 41.792155 11.845851 1.045928 
121 23.326199 0.000000 2.332620 8.197706 33.856524 0.000000 297.050000 0.065371 0.000000 33.921895 11.348117 0.261482 
122 17.349968 0.000000 1.734997 6.097433 25.182398 0.000000 297.050000 0.065371 0.000000 25.247768 11.099249 0.261482 
123 13.349498 0.000000 1.334950 4.691517 19.375965 0.000000 297.050000 0.261482 0.000000 19.637447 14.040660 1.045928 
124 0.000000 0.000000 0.000000 0.000000 0.000000 0.000000 296.416605 1.765004 0.000000 1.765004 20.358930 7.060016 
125 0.000000 0.000000 0.000000 0.000000 0.000000 0.000000 296.603727 6.144829 0.000000 6.144829 24.224012 24.579317 
126 7.571643 0.000000 0.757164 2.660961 10.989768 0.000000 297.050000 6.537052 0.000000 17.526821 25.809501 26.148209 
127 13.620453 0.000000 1.362045 4.786741 19.769239 0.000000 297.050000 6.275570 0.000000 26.044809 20.641271 25.102281 
128 26.435279 0.000000 2.643528 9.290354 38.369161 0.000000 297.050000 5.491124 0.000000 43.860285 19.591015 21.964496 
129 40.456546 0.000000 4.045655 14.217956 58.720156 0.000000 297.050000 4.968160 0.000000 63.688316 20.088750 19.872639 
130 51.385464 0.000000 5.138546 18.058789 74.582800 0.000000 297.050000 3.987602 0.000000 78.570401 20.337618 15.950408 
131 57.841434 0.000000 5.784143 20.327661 83.953238 0.000000 297.050000 3.464638 0.000000 87.417876 20.088750 13.858551 
132 64.726452 0.000000 6.472645 22.747315 93.946413 0.000000 297.050000 3.072415 0.000000 97.018827 19.342148 12.289658 
133 69.125277 0.000000 6.912528 24.293228 100.331034 0.000000 297.050000 2.680191 0.000000 103.011225 19.093281 10.720766 
134 78.650342 0.000000 7.865034 27.640695 114.156072 0.000000 297.050000 3.072415 0.000000 117.228487 21.972406 12.289658 
135 93.388172 0.000000 9.338817 32.820124 135.547114 0.000000 297.050000 3.595379 0.000000 139.142493 30.670053 14.381515 
136 107.919284 0.000000 10.791928 37.926905 156.638118 0.000000 297.050000 4.772048 0.000000 161.410166 39.985982 19.088193 
137 107.395683 0.000000 10.739568 37.742892 155.878142 0.000000 297.050000 5.621865 0.000000 161.500007 45.206986 22.487460 
138 98.844111 0.000000 9.884411 34.737547 143.466069 0.000000 297.050000 5.360383 0.000000 148.826452 47.313259 21.441531 
139 103.197286 0.000000 10.319729 36.267417 149.784431 0.000000 297.050000 4.902789 0.000000 154.687220 46.660954 19.611157 
140 84.719004 0.000000 8.471900 29.773452 122.964357 0.000000 297.050000 3.987602 0.000000 126.951959 38.115864 15.950408 
141 60.753493 0.000000 6.075349 21.351068 88.179910 0.000000 297.050000 3.464638 0.000000 91.644548 27.082100 13.858551 
142 41.423329 0.000000 4.142333 14.557720 60.123382 0.000000 297.050000 1.895745 0.000000 62.019127 18.356191 7.582981 
143 25.215268 0.000000 2.521527 8.861596 36.598390 0.000000 297.050000 0.522964 0.000000 37.121355 12.841321 2.091857 
144 16.708045 0.000000 1.670804 5.871837 24.250686 0.000000 297.050000 0.261482 0.000000 24.512168 11.845851 1.045928 
145 12.010691 0.000000 1.201069 4.221010 17.432769 0.000000 297.050000 0.065371 0.000000 17.498140 11.348117 0.261482 
146 9.226913 0.000000 0.922691 3.242685 13.392290 0.000000 297.050000 0.065371 0.000000 13.457660 11.099249 0.261482 
147 7.519201 0.000000 0.751920 2.642531 10.913651 0.000000 297.050000 0.261482 0.000000 11.175133 14.040660 1.045928 
148 0.000000 0.000000 0.000000 0.000000 0.000000 0.000000 296.935846 1.765004 0.000000 1.765004 20.358930 7.060016 
149 13.546101 0.000000 1.354610 4.760611 19.661322 0.000000 297.050000 6.144829 0.000000 25.806151 24.224012 24.579317 
150 24.738660 0.000000 2.473866 8.694098 35.906623 0.000000 297.050000 6.537052 0.000000 42.443675 25.809501 26.148209 
151 25.427027 0.000000 2.542703 8.936016 36.905745 0.000000 297.050000 6.275570 0.000000 43.181315 20.641271 25.102281 
152 30.935859 0.000000 3.093586 10.872027 44.901471 0.000000 297.050000 5.491124 0.000000 50.392595 19.591015 21.964496 
153 41.847887 0.000000 4.184789 14.706925 60.739601 0.000000 297.050000 4.968160 0.000000 65.707760 20.088750 19.872639 
154 54.266856 0.000000 5.426686 19.071419 78.764960 0.000000 297.050000 3.987602 0.000000 82.752562 20.337618 15.950408 
155 69.213222 0.000000 6.921322 24.324135 100.458679 0.000000 297.050000 3.464638 0.000000 103.923317 20.088750 13.858551 
156 82.164807 0.000000 8.216481 28.875811 119.257098 0.000000 297.050000 3.072415 0.000000 122.329512 19.342148 12.289658 
157 90.168615 0.000000 9.016861 31.688651 130.874127 0.000000 297.050000 2.680191 0.000000 133.554318 19.093281 10.720766 
158 85.166956 0.000000 8.516696 29.930879 123.614530 0.000000 297.050000 3.072415 0.000000 126.686945 21.972406 12.289658 
159 88.589837 0.000000 8.858984 31.133808 128.582629 0.000000 297.050000 3.595379 0.000000 132.178008 30.670053 14.381515 
160 101.480452 0.000000 10.148045 35.664057 147.292554 0.000000 297.050000 4.772048 0.000000 152.064602 39.985982 19.088193 
161 100.033228 0.000000 10.003323 35.155448 145.191998 0.000000 297.050000 5.621865 0.000000 150.813863 45.206986 22.487460 
162 94.063976 0.000000 9.406398 33.057627 136.528001 0.000000 297.050000 5.360383 0.000000 141.888384 47.313259 21.441531 
163 88.524728 0.000000 8.852473 31.110927 128.488128 0.000000 297.050000 4.902789 0.000000 133.390917 46.660954 19.611157 
164 70.058487 0.000000 7.005849 24.621194 101.685529 0.000000 297.050000 3.987602 0.000000 105.673131 38.115864 15.950408 
165 54.116808 0.000000 5.411681 19.018686 78.547175 0.000000 297.050000 3.464638 0.000000 82.011812 27.082100 13.858551 
166 36.481094 0.000000 3.648109 12.820832 52.950035 0.000000 297.050000 1.895745 0.000000 54.845780 18.356191 7.582981 
167 20.245407 0.000000 2.024541 7.114999 29.384947 0.000000 297.050000 0.522964 0.000000 29.907911 12.841321 2.091857 
168 14.228216 0.000000 1.422822 5.000331 20.651369 0.000000 297.050000 0.261482 0.000000 20.912851 11.845851 1.045928 
169 9.024270 0.000000 0.902427 3.171469 13.098165 0.000000 297.050000 0.065371 0.000000 13.163536 11.348117 0.261482 
170 14.256671 0.000000 1.425667 5.010332 20.692670 0.000000 297.050000 0.065371 0.000000 20.758040 11.099249 0.261482 
171 7.505509 0.000000 0.750551 2.637719 10.893779 0.000000 297.050000 0.261482 0.000000 11.155261 14.040660 1.045928 
172 4.929757 0.000000 0.492976 1.732502 7.155235 0.000000 297.050000 1.765004 0.000000 8.920239 20.358930 7.060016 
173 12.623601 0.000000 1.262360 4.436409 18.322371 0.000000 297.050000 6.144829 0.000000 24.467200 24.224012 24.579317 
174 28.679536 0.000000 2.867954 10.079070 41.626560 0.000000 297.050000 6.537052 0.000000 48.163613 25.809501 26.148209 
175 26.012655 0.000000 2.601266 9.141828 37.755748 0.000000 297.050000 6.275570 0.000000 44.031318 20.641271 25.102281 
176 32.628944 0.000000 3.262894 11.467041 47.358879 0.000000 297.050000 5.491124 0.000000 52.850003 19.591015 21.964496 
177 41.951489 0.000000 4.195149 14.743335 60.889973 0.000000 297.050000 4.968160 0.000000 65.858133 20.088750 19.872639 
178 51.004918 0.000000 5.100492 17.925051 74.030461 0.000000 297.050000 3.987602 0.000000 78.018063 20.337618 15.950408 
179 54.860103 0.000000 5.486010 19.279908 79.626021 0.000000 297.050000 3.464638 0.000000 83.090659 20.088750 13.858551 
180 54.783968 0.000000 5.478397 19.253152 79.515516 0.000000 297.050000 3.072415 0.000000 82.587931 19.342148 12.289658 
181 57.352419 0.000000 5.735242 20.155802 83.243464 0.000000 297.050000 2.680191 0.000000 85.923655 19.093281 10.720766 
182 64.041621 0.000000 6.404162 22.506640 92.952423 0.000000 297.050000 3.072415 0.000000 96.024837 21.972406 12.289658 
183 76.583824 0.000000 7.658382 26.914443 111.156650 0.000000 297.050000 3.595379 0.000000 114.752029 30.670053 14.381515 
184 90.503334 0.000000 9.050333 31.806284 131.359951 0.000000 297.050000 4.772048 0.000000 136.131999 39.985982 19.088193 
185 96.219634 0.000000 9.621963 33.815207 139.656804 0.000000 297.050000 5.621865 0.000000 145.278669 45.206986 22.487460 
186 92.369297 0.000000 9.236930 32.462053 134.068280 0.000000 297.050000 5.360383 0.000000 139.428663 47.313259 21.441531 
187 95.121394 0.000000 9.512139 33.429244 138.062777 0.000000 297.050000 4.902789 0.000000 142.965567 46.660954 19.611157 
188 87.539785 0.000000 8.753979 30.764781 127.058545 0.000000 297.050000 3.987602 0.000000 131.046147 38.115864 15.950408 
189 69.914257 0.000000 6.991426 24.570506 101.476189 0.000000 297.050000 3.464638 0.000000 104.940827 27.082100 13.858551 
190 54.871408 0.000000 5.487141 19.283881 79.642430 0.000000 297.050000 1.895745 0.000000 81.538175 18.356191 7.582981 
191 43.141672 0.000000 4.314167 15.161610 62.617450 0.000000 297.050000 0.522964 0.000000 63.140414 12.841321 2.091857 
192 36.307954 0.000000 3.630795 12.759984 52.698734 0.000000 297.050000 0.261482 0.000000 52.960216 11.845851 1.045928 
193 31.461434 0.000000 3.146143 11.056734 45.664312 0.000000 297.050000 0.065371 0.000000 45.729682 11.348117 0.261482 
194 27.360694 0.000000 2.736069 9.615579 39.712343 0.000000 297.050000 0.065371 0.000000 39.777713 11.099249 0.261482 
195 25.145508 0.000000 2.514551 8.837080 36.497139 0.000000 297.050000 0.261482 0.000000 36.758621 14.040660 1.045928 
196 8.890236 0.000000 0.889024 3.124364 12.903624 0.000000 297.050000 1.765004 0.000000 14.668628 20.358930 7.060016 
197 23.406254 0.000000 2.340625 8.225840 33.972720 0.000000 297.050000 6.144829 0.000000 40.117549 24.224012 24.579317 
198 39.239488 0.000000 3.923949 13.790235 56.953672 0.000000 297.050000 6.537052 0.000000 63.490724 25.809501 26.148209 
199 46.114042 0.000000 4.611404 16.206213 66.931659 0.000000 297.050000 6.275570 0.000000 73.207229 20.641271 25.102281 
200 59.164128 0.000000 5.916413 20.792505 85.873046 0.000000 297.050000 5.491124 0.000000 91.364170 19.591015 21.964496 
201 73.558875 0.000000 7.355887 25.851362 106.766124 0.000000 297.050000 4.968160 0.000000 111.734283 20.088750 19.872639 
202 84.942784 0.000000 8.494278 29.852096 123.289158 0.000000 297.050000 3.987602 0.000000 127.276760 20.337618 15.950408 
203 94.694001 0.000000 9.469400 33.279042 137.442443 0.000000 297.050000 3.464638 0.000000 140.907081 20.088750 13.858551 
204 101.604991 0.000000 10.160499 35.707824 147.473315 0.000000 297.050000 3.072415 0.000000 150.545729 19.342148 12.289658 
205 106.178319 0.000000 10.617832 37.315064 154.111215 0.000000 297.050000 2.680191 0.000000 156.791406 19.093281 10.720766 
206 116.406413 0.000000 11.640641 40.909602 168.956657 0.000000 297.050000 3.072415 0.000000 172.029071 21.972406 12.289658 
207 129.917089 0.000000 12.991709 45.657763 188.566562 0.000000 297.050000 3.595379 0.000000 192.161940 30.670053 14.381515 
208 136.748465 0.000000 13.674846 48.058566 198.481877 0.000000 297.050000 4.772048 0.000000 203.253925 39.985982 19.088193 
209 139.348620 0.000000 13.934862 48.972359 202.255841 0.000000 297.050000 5.621865 0.000000 207.877706 45.206986 22.487460 
210 128.546717 0.000000 12.854672 45.176163 186.577551 0.000000 297.050000 5.360383 0.000000 191.937934 47.313259 21.441531 
211 133.423581 0.000000 13.342358 46.890077 193.656016 0.000000 297.050000 4.902789 0.000000 198.558805 46.660954 19.611157 
212 120.950688 0.000000 12.095069 42.506632 175.552389 0.000000 297.050000 3.987602 0.000000 179.539990 38.115864 15.950408 
213 101.112960 0.000000 10.111296 35.534906 146.759161 0.000000 297.050000 3.464638 0.000000 150.223799 27.082100 13.858551 
214 84.522562 0.000000 8.452256 29.704415 122.679233 0.000000 297.050000 1.895745 0.000000 124.574978 18.356191 7.582981 
215 71.077649 0.000000 7.107765 24.979365 103.164779 0.000000 297.050000 0.522964 0.000000 103.687743 12.841321 2.091857 
216 62.624354 0.000000 6.262435 22.008559 90.895348 0.000000 297.050000 0.261482 0.000000 91.156830 11.845851 1.045928 
217 56.078862 0.000000 5.607886 19.708226 81.394974 0.000000 297.050000 0.065371 0.000000 81.460344 11.348117 0.261482 
218 50.967609 0.000000 5.096761 17.911939 73.976309 0.000000 297.050000 0.065371 0.000000 74.041679 11.099249 0.261482 
219 46.713653 0.000000 4.671365 16.416939 67.801956 0.000000 297.050000 0.261482 0.000000 68.063439 14.040660 1.045928 
220 23.994878 0.000000 2.399488 8.432705 34.827071 0.000000 297.050000 1.765004 0.000000 36.592075 20.358930 7.060016 
221 36.086782 0.000000 3.608678 12.682256 52.377717 0.000000 297.050000 6.144829 0.000000 58.522546 24.224012 24.579317 
222 53.713873 0.000000 5.371387 18.877080 77.962341 0.000000 297.050000 6.537052 0.000000 84.499393 25.809501 26.148209 
223 61.352725 0.000000 6.135272 21.561660 89.049657 0.000000 297.050000 6.275570 0.000000 95.325228 20.641271 25.102281 
224 74.748881 0.000000 7.474888 26.269575 108.493344 0.000000 297.050000 5.491124 0.000000 113.984468 19.591015 21.964496 
225 89.283666 0.000000 8.928367 31.377646 129.589679 0.000000 297.050000 4.968160 0.000000 134.557839 20.088750 19.872639 
226 101.758884 0.000000 10.175888 35.761908 147.696681 0.000000 297.050000 3.987602 0.000000 151.684283 20.337618 15.950408 
227 110.317705 0.000000 11.031771 38.769801 160.119277 0.000000 297.050000 3.464638 0.000000 163.583914 20.088750 13.858551 
228 114.073816 0.000000 11.407382 40.089840 165.571037 0.000000 297.050000 3.072415 0.000000 168.643452 19.342148 12.289658 
229 115.831083 0.000000 11.583108 40.707409 168.121600 0.000000 297.050000 2.680191 0.000000 170.801791 19.093281 10.720766 
230 121.409939 0.000000 12.140994 42.668030 176.218963 0.000000 297.050000 3.072415 0.000000 179.291377 21.972406 12.289658 
231 126.408121 0.000000 12.640812 44.424579 183.473512 0.000000 297.050000 3.595379 0.000000 187.068891 30.670053 14.381515 
232 130.433416 0.000000 13.043342 45.839220 189.315977 0.000000 297.050000 4.772048 0.000000 194.088025 39.985982 19.088193 
233 132.174059 0.000000 13.217406 46.450947 191.842412 0.000000 297.050000 5.621865 0.000000 197.464277 45.206986 22.487460 
234 125.024452 0.000000 12.502445 43.938306 181.465202 0.000000 297.050000 5.360383 0.000000 186.825585 47.313259 21.441531 
235 121.096517 0.000000 12.109652 42.557881 175.764050 0.000000 297.050000 4.902789 0.000000 180.666839 46.660954 19.611157 
236 111.697734 0.000000 11.169773 39.254795 162.122302 0.000000 297.050000 3.987602 0.000000 166.109904 38.115864 15.950408 
237 95.868960 0.000000 9.586896 33.691967 139.147823 0.000000 297.050000 3.464638 0.000000 142.612461 27.082100 13.858551 
238 79.270915 0.000000 7.927091 27.858788 115.056794 0.000000 297.050000 1.895745 0.000000 116.952539 18.356191 7.582981 
239 66.699697 0.000000 6.669970 23.440788 96.810454 0.000000 297.050000 0.522964 0.000000 97.333418 12.841321 2.091857 
240 59.512529 0.000000 5.951253 20.914946 86.378728 0.000000 297.050000 0.261482 0.000000 86.640211 11.845851 1.045928 
241 55.857636 0.000000 5.585764 19.630479 81.073879 0.000000 297.050000 0.065371 0.000000 81.139250 11.348117 0.261482 
242 49.596378 0.000000 4.959638 17.430037 71.986053 0.000000 297.050000 0.065371 0.000000 72.051424 11.099249 0.261482 
243 47.388949 0.000000 4.738895 16.654263 68.782108 0.000000 297.050000 0.261482 0.000000 69.043590 14.040660 1.045928 
244 31.168167 0.000000 3.116817 10.953669 45.238653 0.000000 297.050000 1.765004 0.000000 47.003657 20.358930 7.060016 
245 36.908226 0.000000 3.690823 12.970942 53.569991 0.000000 297.050000 6.144829 0.000000 59.714820 24.224012 24.579317 
246 48.535645 0.000000 4.853564 17.057255 70.446464 0.000000 297.050000 6.537052 0.000000 76.983517 25.809501 26.148209 
247 50.698685 0.000000 5.069869 17.817429 73.585983 0.000000 297.050000 6.275570 0.000000 79.861553 20.641271 25.102281 
248 59.710929 0.000000 5.971093 20.984671 86.666693 0.000000 297.050000 5.491124 0.000000 92.157817 19.591015 21.964496 
249 70.382511 0.000000 7.038251 24.735068 102.155830 0.000000 297.050000 4.968160 0.000000 107.123990 20.088750 19.872639 
250 83.902897 0.000000 8.390290 29.486641 121.779828 0.000000 297.050000 3.987602 0.000000 125.767429 20.337618 15.950408 
251 94.220723 0.000000 9.422072 33.112714 136.755509 0.000000 297.050000 3.464638 0.000000 140.220147 20.088750 13.858551 
252 99.889880 0.000000 9.988988 35.105070 144.983937 0.000000 297.050000 3.072415 0.000000 148.056352 19.342148 12.289658 
253 100.279037 0.000000 10.027904 35.241834 145.548774 0.000000 297.050000 2.680191 0.000000 148.228966 19.093281 10.720766 
254 100.152746 0.000000 10.015275 35.197451 145.365472 0.000000 297.050000 3.072415 0.000000 148.437886 21.972406 12.289658 
255 108.461742 0.000000 10.846174 38.117545 157.425462 0.000000 297.050000 3.595379 0.000000 161.020841 30.670053 14.381515 
256 120.810279 0.000000 12.081028 42.457287 175.348594 0.000000 297.050000 4.772048 0.000000 180.120642 39.985982 19.088193 
257 122.632748 0.000000 12.263275 43.097771 177.993794 0.000000 297.050000 5.621865 0.000000 183.615659 45.206986 22.487460 
258 112.708514 0.000000 11.270851 39.610021 163.589386 0.000000 297.050000 5.360383 0.000000 168.949769 47.313259 21.441531 
259 110.931707 0.000000 11.093171 38.985584 161.010461 0.000000 297.050000 4.902789 0.000000 165.913250 46.660954 19.611157 
260 109.792769 0.000000 10.979277 38.585318 159.357365 0.000000 297.050000 3.987602 0.000000 163.344967 38.115864 15.950408 
261 93.255978 0.000000 9.325598 32.773666 135.355242 0.000000 297.050000 3.464638 0.000000 138.819879 27.082100 13.858551 
262 79.224368 0.000000 7.922437 27.842430 114.989235 0.000000 297.050000 1.895745 0.000000 116.884980 18.356191 7.582981 
263 66.798632 0.000000 6.679863 23.475558 96.954053 0.000000 297.050000 0.522964 0.000000 97.477017 12.841321 2.091857 
264 57.775925 0.000000 5.777593 20.304638 83.858156 0.000000 297.050000 0.261482 0.000000 84.119638 11.845851 1.045928 
265 50.174648 0.000000 5.017465 17.633263 72.825376 0.000000 297.050000 0.065371 0.000000 72.890747 11.348117 0.261482 
266 42.702474 0.000000 4.270247 15.007259 61.979980 0.000000 297.050000 0.065371 0.000000 62.045351 11.099249 0.261482 
267 37.159392 0.000000 3.715939 13.059211 53.934542 0.000000 297.050000 0.261482 0.000000 54.196024 14.040660 1.045928 
268 29.701714 0.000000 2.970171 10.438302 43.110187 0.000000 297.050000 1.765004 0.000000 44.875191 20.358930 7.060016 
269 41.916357 0.000000 4.191636 14.730988 60.838980 0.000000 297.050000 6.144829 0.000000 66.983809 24.224012 24.579317 
270 42.218864 0.000000 4.221886 14.837300 61.278051 0.000000 297.050000 6.537052 0.000000 67.815103 25.809501 26.148209 
271 43.656697 0.000000 4.365670 15.342609 63.364976 0.000000 297.050000 6.275570 0.000000 69.640547 20.641271 25.102281 
272 52.701697 0.000000 5.270170 18.521363 76.493229 0.000000 297.050000 5.491124 0.000000 81.984353 19.591015 21.964496 
273 67.568638 0.000000 6.756864 23.746167 98.071669 0.000000 297.050000 4.968160 0.000000 103.039828 20.088750 19.872639 
274 76.292337 0.000000 7.629234 26.812003 110.733574 0.000000 297.050000 3.987602 0.000000 114.721176 20.337618 15.950408 
275 83.121846 0.000000 8.312185 29.212150 120.646181 0.000000 297.050000 3.464638 0.000000 124.110819 20.088750 13.858551 
276 92.310219 0.000000 9.231022 32.441291 133.982533 0.000000 297.050000 3.072415 0.000000 137.054947 19.342148 12.289658 
277 88.252573 0.000000 8.825257 31.015281 128.093112 0.000000 297.050000 2.680191 0.000000 130.773303 19.093281 10.720766 
278 83.004038 0.000000 8.300404 29.170748 120.475190 0.000000 297.050000 3.072415 0.000000 123.547605 21.972406 12.289658 
279 88.143498 0.000000 8.814350 30.976948 127.934795 0.000000 297.050000 3.595379 0.000000 131.530174 30.670053 14.381515 
280 93.090069 0.000000 9.309007 32.715360 135.114435 0.000000 297.050000 4.772048 0.000000 139.886484 39.985982 19.088193 
281 91.507075 0.000000 9.150707 32.159036 132.816818 0.000000 297.050000 5.621865 0.000000 138.438683 45.206986 22.487460 
282 92.834212 0.000000 9.283421 32.625442 134.743076 0.000000 297.050000 5.360383 0.000000 140.103459 47.313259 21.441531 
283 106.730978 0.000000 10.673098 37.509289 154.913365 0.000000 297.050000 4.902789 0.000000 159.816154 46.660954 19.611157 
284 96.463459 0.000000 9.646346 33.900896 140.010702 0.000000 297.050000 3.987602 0.000000 143.998304 38.115864 15.950408 
285 79.887227 0.000000 7.988723 28.075383 115.951333 0.000000 297.050000 3.464638 0.000000 119.415970 27.082100 13.858551 
286 63.252722 0.000000 6.325272 22.229391 91.807385 0.000000 297.050000 1.895745 0.000000 93.703130 18.356191 7.582981 
287 52.369128 0.000000 5.236913 18.404486 76.010526 0.000000 297.050000 0.522964 0.000000 76.533491 12.841321 2.091857 
288 47.954045 0.000000 4.795405 16.852859 69.602309 0.000000 297.050000 0.261482 0.000000 69.863791 11.845851 1.045928 
289 40.608313 0.000000 4.060831 14.271292 58.940437 0.000000 297.050000 0.065371 0.000000 59.005807 11.348117 0.261482 
290 35.973426 0.000000 3.597343 12.642418 52.213187 0.000000 297.050000 0.065371 0.000000 52.278558 11.099249 0.261482 
291 29.452139 0.000000 2.945214 10.350592 42.747944 0.000000 297.050000 0.261482 0.000000 43.009426 14.040660 1.045928 
292 15.903042 0.000000 1.590304 5.588929 23.082275 0.000000 297.050000 1.765004 0.000000 24.847279 20.358930 7.060016 
293 23.840379 0.000000 2.384038 8.378408 34.602825 0.000000 297.050000 6.144829 0.000000 40.747654 24.224012 24.579317 
294 27.318413 0.000000 2.731841 9.600720 39.650974 0.000000 297.050000 6.537052 0.000000 46.188027 25.809501 26.148209 
295 23.102279 0.000000 2.310228 8.119012 33.531519 0.000000 297.050000 6.275570 0.000000 39.807089 20.641271 25.102281 
296 28.013795 0.000000 2.801379 9.845104 40.660278 0.000000 297.050000 5.491124 0.000000 46.151402 19.591015 21.964496 
297 36.654872 0.000000 3.665487 12.881904 53.202262 0.000000 297.050000 4.968160 0.000000 58.170422 20.088750 19.872639 
298 49.273462 0.000000 4.927346 17.316552 71.517361 0.000000 297.050000 3.987602 0.000000 75.504963 20.337618 15.950408 
299 55.986134 0.000000 5.598613 19.675638 81.260386 0.000000 297.050000 3.464638 0.000000 84.725023 20.088750 13.858551 
300 63.534171 0.000000 6.353417 22.328303 92.215891 0.000000 297.050000 3.072415 0.000000 95.288306 19.342148 12.289658 
301 57.930801 0.000000 5.793080 20.359067 84.082948 0.000000 297.050000 2.680191 0.000000 86.763140 19.093281 10.720766 
302 57.076486 0.000000 5.707649 20.058829 82.842964 0.000000 297.050000 3.072415 0.000000 85.915378 21.972406 12.289658 
303 68.018121 0.000000 6.801812 23.904132 98.724065 0.000000 297.050000 3.595379 0.000000 102.319444 30.670053 14.381515 
304 76.638311 0.000000 7.663831 26.933592 111.235734 0.000000 297.050000 4.772048 0.000000 116.007783 39.985982 19.088193 
305 78.599700 0.000000 7.859970 27.622898 114.082568 0.000000 297.050000 5.621865 0.000000 119.704433 45.206986 22.487460 
306 79.824651 0.000000 7.982465 28.053392 115.860508 0.000000 297.050000 5.360383 0.000000 121.220891 47.313259 21.441531 
307 78.997527 0.000000 7.899753 27.762709 114.659989 0.000000 297.050000 4.902789 0.000000 119.562778 46.660954 19.611157 
308 79.249999 0.000000 7.925000 27.851437 115.026436 0.000000 297.050000 3.987602 0.000000 119.014038 38.115864 15.950408 
309 66.628270 0.000000 6.662827 23.415686 96.706783 0.000000 297.050000 3.464638 0.000000 100.171420 27.082100 13.858551 
310 53.269767 0.000000 5.326977 18.721004 77.317748 0.000000 297.050000 1.895745 0.000000 79.213493 18.356191 7.582981 
311 44.997886 0.000000 4.499789 15.813953 65.311628 0.000000 297.050000 0.522964 0.000000 65.834592 12.841321 2.091857 
312 34.345363 0.000000 3.434536 12.070255 49.850155 0.000000 297.050000 0.261482 0.000000 50.111637 11.845851 1.045928 
313 28.855121 0.000000 2.885512 10.140777 41.881411 0.000000 297.050000 0.065371 0.000000 41.946781 11.348117 0.261482 
314 20.050181 0.000000 2.005018 7.046390 29.101589 0.000000 297.050000 0.065371 0.000000 29.166960 11.099249 0.261482 
315 7.118508 0.000000 0.711851 2.501712 10.332070 0.000000 297.050000 0.261482 0.000000 10.593552 14.040660 1.045928 
316 9.088055 0.000000 0.908805 3.193885 13.190746 0.000000 297.050000 1.765004 0.000000 14.955750 20.358930 7.060016 
317 15.919214 0.000000 1.591921 5.594612 23.105747 0.000000 297.050000 6.144829 0.000000 29.250576 24.224012 24.579317 
318 21.767863 0.000000 2.176786 7.650048 31.594698 0.000000 297.050000 6.537052 0.000000 38.131750 25.809501 26.148209 
319 25.783326 0.000000 2.578333 9.061233 37.422891 0.000000 297.050000 6.275570 0.000000 43.698461 20.641271 25.102281 
320 34.505715 0.000000 3.450572 12.126609 50.082896 0.000000 297.050000 5.491124 0.000000 55.574020 19.591015 21.964496 
321 47.999216 0.000000 4.799922 16.868734 69.667871 0.000000 297.050000 4.968160 0.000000 74.636031 20.088750 19.872639 
322 58.303483 0.000000 5.830348 20.490042 84.623873 0.000000 297.050000 3.987602 0.000000 88.611475 20.337618 15.950408 
323 66.161850 0.000000 6.616185 23.251769 96.029804 0.000000 297.050000 3.464638 0.000000 99.494442 20.088750 13.858551 
324 69.340861 0.000000 6.934086 24.368993 100.643940 0.000000 297.050000 3.072415 0.000000 103.716355 19.342148 12.289658 
325 72.269502 0.000000 7.226950 25.398228 104.894680 0.000000 297.050000 2.680191 0.000000 107.574872 19.093281 10.720766 
326 81.301842 0.000000 8.130184 28.572532 118.004559 0.000000 297.050000 3.072415 0.000000 121.076973 21.972406 12.289658 
327 96.310474 0.000000 9.631047 33.847132 139.788653 0.000000 297.050000 3.595379 0.000000 143.384032 30.670053 14.381515 
328 107.879385 0.000000 10.787939 37.912883 156.580207 0.000000 297.050000 4.772048 0.000000 161.352255 39.985982 19.088193 
329 112.835161 0.000000 11.283516 39.654529 163.773206 0.000000 297.050000 5.621865 0.000000 169.395071 45.206986 22.487460 
330 111.348121 0.000000 11.134812 39.131928 161.614861 0.000000 297.050000 5.360383 0.000000 166.975244 47.313259 21.441531 
331 120.650617 0.000000 12.065062 42.401175 175.116854 0.000000 297.050000 4.902789 0.000000 180.019644 46.660954 19.611157 
332 109.722896 0.000000 10.972290 38.560762 159.255948 0.000000 297.050000 3.987602 0.000000 163.243550 38.115864 15.950408 
333 92.629771 0.000000 9.262977 32.553594 134.446341 0.000000 297.050000 3.464638 0.000000 137.910979 27.082100 13.858551 
334 79.412912 0.000000 7.941291 27.908691 115.262894 0.000000 297.050000 1.895745 0.000000 117.158639 18.356191 7.582981 
335 68.848185 0.000000 6.884818 24.195848 99.928851 0.000000 297.050000 0.522964 0.000000 100.451815 12.841321 2.091857 
