#### 	 Vertical City Weather Generator (VCWG)  	 #### 
# Building energy model terms 
# 0:time [hr] 1:sensCoolDemand [W m^-2] 2:sensHeatDemand [W m^-2] 3:dehumDemand [W m^-2] 4:coolConsump [W m^-2] 5:sensWasteCoolHeatDehum [W m^-2] 6:heatConsump [W m^-2] 7:indoorTemp [K] 8:QWater [W m^-2] 9:QGas [W m^-2] 10:sensWaste [W m^-2] 11:elecDomesticDemand [W m^-2] 12:sensWaterHeatDemand [W m^-2]
0 72.978086 0.000000 7.297809 25.647251 105.923145 0.000000 297.050000 0.521171 0.000000 106.444316 23.691703 2.084683 
1 53.392442 0.000000 5.339244 18.764117 77.495804 0.000000 297.050000 0.130293 0.000000 77.626097 22.696233 0.521171 
2 38.120859 0.000000 3.812086 13.397107 55.330052 0.000000 297.050000 0.130293 0.000000 55.460344 22.198498 0.521171 
3 34.767969 0.000000 3.476797 12.218775 50.463541 0.000000 297.050000 0.521171 0.000000 50.984712 28.081320 2.084683 
4 22.437602 0.000000 2.243760 7.885419 32.566781 0.000000 297.050000 3.517902 0.000000 36.084683 40.717860 14.071608 
5 43.654169 0.000000 4.365417 15.341721 63.361307 0.000000 297.050000 12.247510 0.000000 75.608817 48.448025 48.990041 
6 74.765023 0.000000 7.476502 26.275248 108.516773 0.000000 297.050000 13.029266 0.000000 121.546039 51.619003 52.117065 
7 82.176858 0.000000 8.217686 28.880046 119.274589 0.000000 297.050000 12.508096 0.000000 131.782685 41.282542 50.032382 
8 99.436898 0.000000 9.943690 34.945875 144.326462 0.000000 297.050000 10.944584 0.000000 155.271046 39.182031 43.778335 
9 100.079420 0.000000 10.007942 35.171681 145.259044 0.000000 297.050000 9.902242 0.000000 155.161286 40.177501 39.608969 
10 124.340252 0.000000 12.434025 43.697852 180.472129 0.000000 297.050000 7.947852 0.000000 188.419982 40.675235 31.791410 
11 143.477567 0.000000 14.347757 50.423426 208.248750 0.000000 297.050000 6.905511 0.000000 215.154261 40.177501 27.622044 
12 153.080602 0.000000 15.308060 53.798295 222.186956 0.000000 297.050000 6.123755 0.000000 228.310711 38.684296 24.495021 
13 148.661211 0.000000 14.866121 52.245154 215.772487 0.000000 297.050000 5.341999 0.000000 221.114486 38.186561 21.367997 
14 129.203488 0.000000 12.920349 45.406977 187.530814 0.000000 297.050000 6.123755 0.000000 193.654569 43.944811 24.495021 
15 154.845796 0.000000 15.484580 54.418650 224.749025 0.000000 297.050000 7.166096 0.000000 231.915122 61.340107 28.664386 
16 163.284826 0.000000 16.328483 57.384444 236.997753 0.000000 297.050000 9.511364 0.000000 246.509117 79.971964 38.045457 
17 157.465839 0.000000 15.746584 55.339432 228.551855 0.000000 297.050000 11.205169 0.000000 239.757024 90.413972 44.820676 
18 152.828937 0.000000 15.282894 53.709850 221.821681 0.000000 297.050000 10.683998 0.000000 232.505679 94.626519 42.735993 
19 164.366328 0.000000 16.436633 57.764524 238.567486 0.000000 297.050000 9.771950 0.000000 248.339435 93.321909 39.087799 
20 144.666081 0.000000 14.466608 50.841115 209.973803 0.000000 297.050000 7.947852 0.000000 217.921656 76.231729 31.791410 
21 116.104387 0.000000 11.610439 40.803459 168.518285 0.000000 297.050000 6.905511 0.000000 175.423796 54.164200 27.622044 
22 90.854109 0.000000 9.085411 31.929559 131.869079 0.000000 297.050000 3.778487 0.000000 135.647567 36.712381 15.113949 
23 71.090175 0.000000 7.109018 24.983768 103.182960 0.000000 297.050000 1.042341 0.000000 104.225301 25.682642 4.169365 
24 41.536262 0.000000 4.153626 14.597408 60.287297 0.000000 297.050000 0.521171 0.000000 60.808468 23.691703 2.084683 
25 35.182099 0.000000 3.518210 12.364316 51.064625 0.000000 297.050000 0.130293 0.000000 51.194918 22.696233 0.521171 
26 12.863975 0.000000 1.286397 4.520886 18.671258 0.000000 297.050000 0.130293 0.000000 18.801551 22.198498 0.521171 
27 27.014074 0.000000 2.701407 9.493764 39.209246 0.000000 297.050000 0.521171 0.000000 39.730416 28.081320 2.084683 
28 27.664450 0.000000 2.766445 9.722331 40.153226 0.000000 297.050000 3.517902 0.000000 43.671128 40.717860 14.071608 
29 47.489418 0.000000 4.748942 16.689572 68.927931 0.000000 297.050000 12.247510 0.000000 81.175441 48.448025 48.990041 
30 68.661026 0.000000 6.866103 24.130073 99.657201 0.000000 297.050000 13.029266 0.000000 112.686468 51.619003 52.117065 
31 85.793598 0.000000 8.579360 30.151105 124.524063 0.000000 297.050000 12.508096 0.000000 137.032158 41.282542 50.032382 
32 112.937766 0.000000 11.293777 39.690589 163.922132 0.000000 297.050000 10.944584 0.000000 174.866715 39.182031 43.778335 
33 142.435249 0.000000 14.243525 50.057116 206.735891 0.000000 297.050000 9.902242 0.000000 216.638133 40.177501 39.608969 
34 153.688396 0.000000 15.368840 54.011896 223.069131 0.000000 297.050000 7.947852 0.000000 231.016984 40.675235 31.791410 
35 181.265103 0.000000 18.126510 63.703391 263.095005 0.000000 297.050000 6.905511 0.000000 270.000516 40.177501 27.622044 
36 185.265067 0.000000 18.526507 65.109129 268.900703 0.000000 297.050000 6.123755 0.000000 275.024458 38.684296 24.495021 
37 183.707642 0.000000 18.370764 64.561791 266.640197 0.000000 297.050000 5.341999 0.000000 271.982196 38.186561 21.367997 
38 188.008676 0.000000 18.800868 66.073337 272.882880 0.000000 297.050000 6.123755 0.000000 279.006635 43.944811 24.495021 
39 199.662004 0.000000 19.966200 70.168755 289.796960 0.000000 297.050000 7.166096 0.000000 296.963056 61.340107 28.664386 
40 211.753772 0.000000 21.175377 74.418258 307.347408 0.000000 297.050000 9.511364 0.000000 316.858772 79.971964 38.045457 
41 215.858261 0.000000 21.585826 75.860731 313.304818 0.000000 297.050000 11.205169 0.000000 324.509987 90.413972 44.820676 
42 223.620919 0.000000 22.362092 78.588821 324.571833 0.000000 297.050000 10.683998 0.000000 335.255831 94.626519 42.735993 
43 214.098980 0.000000 21.409898 75.242453 310.751330 0.000000 297.050000 9.771950 0.000000 320.523280 93.321909 39.087799 
44 178.843409 0.000000 17.884341 62.852316 259.580066 0.000000 297.050000 7.947852 0.000000 267.527918 76.231729 31.791410 
45 146.925393 0.000000 14.692539 51.635122 213.253054 0.000000 297.050000 6.905511 0.000000 220.158565 54.164200 27.622044 
46 112.097446 0.000000 11.209745 39.395269 162.702460 0.000000 297.050000 3.778487 0.000000 166.480947 36.712381 15.113949 
47 85.615526 0.000000 8.561553 30.088524 124.265602 0.000000 297.050000 1.042341 0.000000 125.307943 25.682642 4.169365 
48 74.626382 0.000000 7.462638 26.226524 108.315544 0.000000 297.050000 0.521171 0.000000 108.836715 23.691703 2.084683 
49 67.473742 0.000000 6.747374 23.712817 97.933932 0.000000 297.050000 0.130293 0.000000 98.064225 22.696233 0.521171 
50 49.324240 0.000000 4.932424 17.334397 71.591061 0.000000 297.050000 0.130293 0.000000 71.721353 22.198498 0.521171 
51 42.928014 0.000000 4.292801 15.086522 62.307338 0.000000 297.050000 0.521171 0.000000 62.828509 28.081320 2.084683 
52 26.793243 0.000000 2.679324 9.416156 38.888723 0.000000 297.050000 3.517902 0.000000 42.406625 40.717860 14.071608 
53 45.576398 0.000000 4.557640 16.017264 66.151302 0.000000 297.050000 12.247510 0.000000 78.398812 48.448025 48.990041 
54 54.512793 0.000000 5.451279 19.157851 79.121923 0.000000 297.050000 13.029266 0.000000 92.151189 51.619003 52.117065 
55 40.334085 0.000000 4.033408 14.174918 58.542411 0.000000 297.050000 12.508096 0.000000 71.050507 41.282542 50.032382 
56 25.806001 0.000000 2.580600 9.069202 37.455803 0.000000 297.050000 10.944584 0.000000 48.400387 39.182031 43.778335 
57 40.226273 0.000000 4.022627 14.137029 58.385929 0.000000 297.050000 9.902242 0.000000 68.288171 40.177501 39.608969 
58 58.654100 0.000000 5.865410 20.613262 85.132773 0.000000 297.050000 7.947852 0.000000 93.080625 40.675235 31.791410 
59 87.609537 0.000000 8.760954 30.789294 127.159784 0.000000 297.050000 6.905511 0.000000 134.065296 40.177501 27.622044 
60 94.898528 0.000000 9.489853 33.350920 137.739301 0.000000 297.050000 6.123755 0.000000 143.863056 38.684296 24.495021 
61 97.628887 0.000000 9.762889 34.310472 141.702247 0.000000 297.050000 5.341999 0.000000 147.044247 38.186561 21.367997 
62 100.939256 0.000000 10.093926 35.473860 146.507041 0.000000 297.050000 6.123755 0.000000 152.630796 43.944811 24.495021 
63 110.189591 0.000000 11.018959 38.724777 159.933327 0.000000 297.050000 7.166096 0.000000 167.099424 61.340107 28.664386 
64 112.852910 0.000000 11.285291 39.660767 163.798968 0.000000 297.050000 9.511364 0.000000 173.310333 79.971964 38.045457 
65 104.396927 0.000000 10.439693 36.689016 151.525636 0.000000 297.050000 11.205169 0.000000 162.730805 90.413972 44.820676 
66 90.781608 0.000000 9.078161 31.904079 131.763848 0.000000 297.050000 10.683998 0.000000 142.447846 94.626519 42.735993 
67 106.609784 0.000000 10.660978 37.466697 154.737459 0.000000 297.050000 9.771950 0.000000 164.509409 93.321909 39.087799 
68 88.173479 0.000000 8.817348 30.987485 127.978312 0.000000 297.050000 7.947852 0.000000 135.926165 76.231729 31.791410 
69 62.379411 0.000000 6.237941 21.922477 90.539828 0.000000 297.050000 6.905511 0.000000 97.445340 54.164200 27.622044 
70 39.060741 0.000000 3.906074 13.727417 56.694232 0.000000 297.050000 3.778487 0.000000 60.472719 36.712381 15.113949 
71 20.741475 0.000000 2.074148 7.289336 30.104959 0.000000 297.050000 1.042341 0.000000 31.147301 25.682642 4.169365 
72 12.632269 0.000000 1.263227 4.439455 18.334951 0.000000 297.050000 0.521171 0.000000 18.856122 23.691703 2.084683 
73 4.800946 0.000000 0.480095 1.687234 6.968275 0.000000 297.050000 0.130293 0.000000 7.098567 22.696233 0.521171 
74 0.000000 0.000000 0.000000 0.000000 0.000000 0.000000 296.973623 0.130293 0.000000 0.130293 22.198498 0.521171 
75 0.000000 0.000000 0.000000 0.000000 0.000000 0.000000 296.359686 0.521171 0.000000 0.521171 28.081320 2.084683 
76 0.000000 0.000000 0.000000 0.000000 0.000000 0.000000 296.486846 3.517902 0.000000 3.517902 40.717860 14.071608 
77 0.000000 0.000000 0.000000 0.000000 0.000000 0.000000 296.799909 12.247510 0.000000 12.247510 48.448025 48.990041 
78 0.000000 0.000000 0.000000 0.000000 0.000000 0.000000 297.046229 13.029266 0.000000 13.029266 51.619003 52.117065 
79 0.000000 0.000000 0.000000 0.000000 0.000000 0.000000 296.943534 12.508096 0.000000 12.508096 41.282542 50.032382 
80 4.677794 0.000000 0.467779 1.643953 6.789526 0.000000 297.050000 10.944584 0.000000 17.734110 39.182031 43.778335 
81 22.974677 0.000000 2.297468 8.074168 33.346313 0.000000 297.050000 9.902242 0.000000 43.248555 40.177501 39.608969 
82 27.147558 0.000000 2.714756 9.540675 39.402988 0.000000 297.050000 7.947852 0.000000 47.350841 40.675235 31.791410 
83 41.199496 0.000000 4.119950 14.479056 59.798501 0.000000 297.050000 6.905511 0.000000 66.704012 40.177501 27.622044 
84 45.383062 0.000000 4.538306 15.949319 65.870687 0.000000 297.050000 6.123755 0.000000 71.994442 38.684296 24.495021 
85 45.859737 0.000000 4.585974 16.116840 66.562551 0.000000 297.050000 5.341999 0.000000 71.904550 38.186561 21.367997 
86 48.518104 0.000000 4.851810 17.051091 70.421005 0.000000 297.050000 6.123755 0.000000 76.544760 43.944811 24.495021 
87 52.134898 0.000000 5.213490 18.322169 75.670557 0.000000 297.050000 7.166096 0.000000 82.836653 61.340107 28.664386 
88 70.521565 0.000000 7.052157 24.783937 102.357658 0.000000 297.050000 9.511364 0.000000 111.869023 79.971964 38.045457 
89 74.655068 0.000000 7.465507 26.236605 108.357180 0.000000 297.050000 11.205169 0.000000 119.562349 90.413972 44.820676 
90 77.373827 0.000000 7.737383 27.192080 112.303290 0.000000 297.050000 10.683998 0.000000 122.987288 94.626519 42.735993 
91 71.945856 0.000000 7.194586 25.284486 104.424928 0.000000 297.050000 9.771950 0.000000 114.196878 93.321909 39.087799 
92 51.749267 0.000000 5.174927 18.186643 75.110837 0.000000 297.050000 7.947852 0.000000 83.058689 76.231729 31.791410 
93 42.059533 0.000000 4.205953 14.781306 61.046792 0.000000 297.050000 6.905511 0.000000 67.952303 54.164200 27.622044 
94 17.651435 0.000000 1.765144 6.203380 25.619958 0.000000 297.050000 3.778487 0.000000 29.398446 36.712381 15.113949 
95 0.000000 0.000000 0.000000 0.000000 0.000000 0.000000 297.040640 1.042341 0.000000 1.042341 25.682642 4.169365 
96 0.000000 0.000000 0.000000 0.000000 0.000000 0.000000 296.864867 0.521171 0.000000 0.521171 23.691703 2.084683 
97 0.000000 0.000000 0.000000 0.000000 0.000000 0.000000 296.699867 0.130293 0.000000 0.130293 22.696233 0.521171 
98 0.000000 0.000000 0.000000 0.000000 0.000000 0.000000 296.580749 0.130293 0.000000 0.130293 22.198498 0.521171 
99 0.000000 0.000000 0.000000 0.000000 0.000000 0.000000 296.628188 0.521171 0.000000 0.521171 28.081320 2.084683 
100 0.000000 0.000000 0.000000 0.000000 0.000000 0.000000 296.571257 3.517902 0.000000 3.517902 40.717860 14.071608 
101 0.000000 0.000000 0.000000 0.000000 0.000000 0.000000 296.727107 12.247510 0.000000 12.247510 48.448025 48.990041 
102 0.000000 0.000000 0.000000 0.000000 0.000000 0.000000 296.779865 13.029266 0.000000 13.029266 51.619003 52.117065 
103 0.000000 0.000000 0.000000 0.000000 0.000000 0.000000 296.439453 12.508096 0.000000 12.508096 41.282542 50.032382 
104 0.000000 0.000000 0.000000 0.000000 0.000000 0.000000 296.260081 10.944584 0.000000 10.944584 39.182031 43.778335 
105 0.000000 0.000000 0.000000 0.000000 0.000000 0.000000 296.346595 9.902242 0.000000 9.902242 40.177501 39.608969 
106 0.000000 0.000000 0.000000 0.000000 0.000000 0.000000 296.433765 7.947852 0.000000 7.947852 40.675235 31.791410 
107 0.000000 0.000000 0.000000 0.000000 0.000000 0.000000 296.800528 6.905511 0.000000 6.905511 40.177501 27.622044 
108 0.000000 0.000000 0.000000 0.000000 0.000000 0.000000 296.676109 6.123755 0.000000 6.123755 38.684296 24.495021 
109 0.000000 0.000000 0.000000 0.000000 0.000000 0.000000 296.902941 5.341999 0.000000 5.341999 38.186561 21.367997 
110 0.000000 0.000000 0.000000 0.000000 0.000000 0.000000 296.897162 6.123755 0.000000 6.123755 43.944811 24.495021 
111 2.444011 0.000000 0.244401 0.858917 3.547329 0.000000 297.050000 7.166096 0.000000 10.713425 61.340107 28.664386 
112 29.104365 0.000000 2.910436 10.228371 42.243172 0.000000 297.050000 9.511364 0.000000 51.754537 79.971964 38.045457 
113 43.800208 0.000000 4.380021 15.393044 63.573273 0.000000 297.050000 11.205169 0.000000 74.778442 90.413972 44.820676 
114 42.354270 0.000000 4.235427 14.884887 61.474584 0.000000 297.050000 10.683998 0.000000 72.158582 94.626519 42.735993 
115 47.252678 0.000000 4.725268 16.606372 68.584318 0.000000 297.050000 9.771950 0.000000 78.356267 93.321909 39.087799 
116 28.034102 0.000000 2.803410 9.852240 40.689752 0.000000 297.050000 7.947852 0.000000 48.637605 76.231729 31.791410 
117 0.000000 0.000000 0.000000 0.000000 0.000000 0.000000 297.001491 6.905511 0.000000 6.905511 54.164200 27.622044 
118 0.000000 0.000000 0.000000 0.000000 0.000000 0.000000 296.401163 3.778487 0.000000 3.778487 36.712381 15.113949 
119 0.000000 0.000000 0.000000 0.000000 0.000000 0.000000 295.862066 1.042341 0.000000 1.042341 25.682642 4.169365 
120 0.000000 0.000000 0.000000 0.000000 0.000000 0.000000 295.642741 0.521171 0.000000 0.521171 23.691703 2.084683 
121 0.000000 0.000000 0.000000 0.000000 0.000000 0.000000 295.401443 0.130293 0.000000 0.130293 22.696233 0.521171 
122 0.000000 0.000000 0.000000 0.000000 0.000000 0.000000 294.949157 0.130293 0.000000 0.130293 22.198498 0.521171 
123 0.000000 0.000000 0.000000 0.000000 0.000000 0.000000 294.658169 0.521171 0.000000 0.521171 28.081320 2.084683 
124 0.000000 0.000000 0.000000 0.000000 0.000000 0.000000 294.821408 3.517902 0.000000 3.517902 40.717860 14.071608 
125 0.000000 0.000000 0.000000 0.000000 0.000000 0.000000 295.163927 12.247510 0.000000 12.247510 48.448025 48.990041 
126 0.000000 0.000000 0.000000 0.000000 0.000000 0.000000 295.522432 13.029266 0.000000 13.029266 51.619003 52.117065 
127 0.000000 0.000000 0.000000 0.000000 0.000000 0.000000 295.333079 12.508096 0.000000 12.508096 41.282542 50.032382 
128 0.000000 0.000000 0.000000 0.000000 0.000000 0.000000 295.685804 10.944584 0.000000 10.944584 39.182031 43.778335 
129 0.000000 0.000000 0.000000 0.000000 0.000000 0.000000 296.147926 9.902242 0.000000 9.902242 40.177501 39.608969 
130 0.000000 0.000000 0.000000 0.000000 0.000000 0.000000 296.656952 7.947852 0.000000 7.947852 40.675235 31.791410 
131 1.223101 0.000000 0.122310 0.429844 1.775255 0.000000 297.050000 6.905511 0.000000 8.680766 40.177501 27.622044 
132 6.622056 0.000000 0.662206 2.327240 9.611502 0.000000 297.050000 6.123755 0.000000 15.735257 38.684296 24.495021 
133 6.694072 0.000000 0.669407 2.352549 9.716029 0.000000 297.050000 5.341999 0.000000 15.058028 38.186561 21.367997 
134 12.097685 0.000000 1.209768 4.251582 17.559035 0.000000 297.050000 6.123755 0.000000 23.682791 43.944811 24.495021 
135 24.437113 0.000000 2.443711 8.588123 35.468947 0.000000 297.050000 7.166096 0.000000 42.635043 61.340107 28.664386 
136 40.616392 0.000000 4.061639 14.274131 58.952162 0.000000 297.050000 9.511364 0.000000 68.463526 79.971964 38.045457 
137 48.593108 0.000000 4.859311 17.077450 70.529868 0.000000 297.050000 11.205169 0.000000 81.735037 90.413972 44.820676 
138 52.817007 0.000000 5.281701 18.561887 76.660595 0.000000 297.050000 10.683998 0.000000 87.344593 94.626519 42.735993 
139 50.053634 0.000000 5.005363 17.590734 72.649731 0.000000 297.050000 9.771950 0.000000 82.421680 93.321909 39.087799 
140 30.785054 0.000000 3.078505 10.819028 44.682587 0.000000 297.050000 7.947852 0.000000 52.630440 76.231729 31.791410 
141 0.000000 0.000000 0.000000 0.000000 0.000000 0.000000 296.681110 6.905511 0.000000 6.905511 54.164200 27.622044 
142 0.000000 0.000000 0.000000 0.000000 0.000000 0.000000 296.177022 3.778487 0.000000 3.778487 36.712381 15.113949 
143 0.000000 0.000000 0.000000 0.000000 0.000000 0.000000 295.758574 1.042341 0.000000 1.042341 25.682642 4.169365 
144 0.000000 0.000000 0.000000 0.000000 0.000000 0.000000 295.433999 0.521171 0.000000 0.521171 23.691703 2.084683 
145 0.000000 0.000000 0.000000 0.000000 0.000000 0.000000 295.139971 0.130293 0.000000 0.130293 22.696233 0.521171 
146 0.000000 0.000000 0.000000 0.000000 0.000000 0.000000 294.968167 0.130293 0.000000 0.130293 22.198498 0.521171 
147 0.000000 0.000000 0.000000 0.000000 0.000000 0.000000 294.997185 0.521171 0.000000 0.521171 28.081320 2.084683 
148 0.000000 0.000000 0.000000 0.000000 0.000000 0.000000 295.350921 3.517902 0.000000 3.517902 40.717860 14.071608 
149 0.000000 0.000000 0.000000 0.000000 0.000000 0.000000 295.376895 12.247510 0.000000 12.247510 48.448025 48.990041 
150 0.000000 0.000000 0.000000 0.000000 0.000000 0.000000 295.892930 13.029266 0.000000 13.029266 51.619003 52.117065 
151 0.000000 0.000000 0.000000 0.000000 0.000000 0.000000 295.902691 12.508096 0.000000 12.508096 41.282542 50.032382 
152 0.000000 0.000000 0.000000 0.000000 0.000000 0.000000 296.659511 10.944584 0.000000 10.944584 39.182031 43.778335 
153 9.623384 0.000000 0.962338 3.382020 13.967742 0.000000 297.050000 9.902242 0.000000 23.869984 40.177501 39.608969 
154 20.652183 0.000000 2.065218 7.257956 29.975357 0.000000 297.050000 7.947852 0.000000 37.923210 40.675235 31.791410 
155 43.101323 0.000000 4.310132 15.147430 62.558885 0.000000 297.050000 6.905511 0.000000 69.464397 40.177501 27.622044 
156 55.603331 0.000000 5.560333 19.541107 80.704771 0.000000 297.050000 6.123755 0.000000 86.828526 38.684296 24.495021 
157 61.018898 0.000000 6.101890 21.444341 88.565129 0.000000 297.050000 5.341999 0.000000 93.907128 38.186561 21.367997 
158 63.257481 0.000000 6.325748 22.231064 91.814293 0.000000 297.050000 6.123755 0.000000 97.938049 43.944811 24.495021 
159 73.889992 0.000000 7.388999 25.967729 107.246720 0.000000 297.050000 7.166096 0.000000 114.412817 61.340107 28.664386 
160 82.434756 0.000000 8.243476 28.970681 119.648913 0.000000 297.050000 9.511364 0.000000 129.160277 79.971964 38.045457 
161 80.875299 0.000000 8.087530 28.422629 117.385457 0.000000 297.050000 11.205169 0.000000 128.590626 90.413972 44.820676 
162 79.302139 0.000000 7.930214 27.869761 115.102114 0.000000 297.050000 10.683998 0.000000 125.786113 94.626519 42.735993 
163 74.163960 0.000000 7.416396 26.064011 107.644367 0.000000 297.050000 9.771950 0.000000 117.416317 93.321909 39.087799 
164 42.902881 0.000000 4.290288 15.077690 62.270859 0.000000 297.050000 7.947852 0.000000 70.218711 76.231729 31.791410 
165 20.109848 0.000000 2.010985 7.067359 29.188191 0.000000 297.050000 6.905511 0.000000 36.093702 54.164200 27.622044 
166 1.249490 0.000000 0.124949 0.439118 1.813557 0.000000 297.050000 3.778487 0.000000 5.592044 36.712381 15.113949 
167 0.000000 0.000000 0.000000 0.000000 0.000000 0.000000 296.782785 1.042341 0.000000 1.042341 25.682642 4.169365 
168 0.000000 0.000000 0.000000 0.000000 0.000000 0.000000 296.325023 0.521171 0.000000 0.521171 23.691703 2.084683 
169 0.000000 0.000000 0.000000 0.000000 0.000000 0.000000 296.001114 0.130293 0.000000 0.130293 22.696233 0.521171 
170 0.000000 0.000000 0.000000 0.000000 0.000000 0.000000 295.850395 0.130293 0.000000 0.130293 22.198498 0.521171 
171 0.000000 0.000000 0.000000 0.000000 0.000000 0.000000 295.901520 0.521171 0.000000 0.521171 28.081320 2.084683 
172 0.000000 0.000000 0.000000 0.000000 0.000000 0.000000 296.252755 3.517902 0.000000 3.517902 40.717860 14.071608 
173 0.000000 0.000000 0.000000 0.000000 0.000000 0.000000 296.329333 12.247510 0.000000 12.247510 48.448025 48.990041 
174 0.000000 0.000000 0.000000 0.000000 0.000000 0.000000 296.996332 13.029266 0.000000 13.029266 51.619003 52.117065 
175 8.894339 0.000000 0.889434 3.125806 12.909579 0.000000 297.050000 12.508096 0.000000 25.417675 41.282542 50.032382 
176 22.973022 0.000000 2.297302 8.073586 33.343910 0.000000 297.050000 10.944584 0.000000 44.288494 39.182031 43.778335 
177 53.510181 0.000000 5.351018 18.805495 77.666694 0.000000 297.050000 9.902242 0.000000 87.568936 40.177501 39.608969 
178 67.032102 0.000000 6.703210 23.557608 97.292920 0.000000 297.050000 7.947852 0.000000 105.240773 40.675235 31.791410 
179 94.460420 0.000000 9.446042 33.196953 137.103414 0.000000 297.050000 6.905511 0.000000 144.008925 40.177501 27.622044 
180 105.595894 0.000000 10.559589 37.110378 153.265861 0.000000 297.050000 6.123755 0.000000 159.389616 38.684296 24.495021 
181 98.817685 0.000000 9.881769 34.728260 143.427714 0.000000 297.050000 5.341999 0.000000 148.769713 38.186561 21.367997 
182 101.356682 0.000000 10.135668 35.620559 147.112909 0.000000 297.050000 6.123755 0.000000 153.236664 43.944811 24.495021 
183 111.883794 0.000000 11.188379 39.320183 162.392357 0.000000 297.050000 7.166096 0.000000 169.558454 61.340107 28.664386 
184 127.052724 0.000000 12.705272 44.651117 184.409113 0.000000 297.050000 9.511364 0.000000 193.920477 79.971964 38.045457 
185 132.518774 0.000000 13.251877 46.572093 192.342745 0.000000 297.050000 11.205169 0.000000 203.547914 90.413972 44.820676 
186 123.441664 0.000000 12.344166 43.382055 179.167885 0.000000 297.050000 10.683998 0.000000 189.851884 94.626519 42.735993 
187 113.713071 0.000000 11.371307 39.963060 165.047439 0.000000 297.050000 9.771950 0.000000 174.819388 93.321909 39.087799 
188 92.725862 0.000000 9.272586 32.587364 134.585812 0.000000 297.050000 7.947852 0.000000 142.533664 76.231729 31.791410 
189 61.596861 0.000000 6.159686 21.647459 89.404007 0.000000 297.050000 6.905511 0.000000 96.309518 54.164200 27.622044 
190 34.694216 0.000000 3.469422 12.192856 50.356494 0.000000 297.050000 3.778487 0.000000 54.134981 36.712381 15.113949 
191 13.752175 0.000000 1.375218 4.833033 19.960425 0.000000 297.050000 1.042341 0.000000 21.002767 25.682642 4.169365 
192 0.000000 0.000000 0.000000 0.000000 0.000000 0.000000 296.716554 0.521171 0.000000 0.521171 23.691703 2.084683 
193 0.000000 0.000000 0.000000 0.000000 0.000000 0.000000 296.562496 0.130293 0.000000 0.130293 22.696233 0.521171 
194 0.000000 0.000000 0.000000 0.000000 0.000000 0.000000 296.590337 0.130293 0.000000 0.130293 22.198498 0.521171 
195 0.000000 0.000000 0.000000 0.000000 0.000000 0.000000 296.618618 0.521171 0.000000 0.521171 28.081320 2.084683 
196 0.000000 0.000000 0.000000 0.000000 0.000000 0.000000 296.494693 3.517902 0.000000 3.517902 40.717860 14.071608 
197 0.000000 0.000000 0.000000 0.000000 0.000000 0.000000 296.760201 12.247510 0.000000 12.247510 48.448025 48.990041 
198 5.652705 0.000000 0.565270 1.986574 8.204549 0.000000 297.050000 13.029266 0.000000 21.233815 51.619003 52.117065 
199 22.289395 0.000000 2.228939 7.833334 32.351668 0.000000 297.050000 12.508096 0.000000 44.859764 41.282542 50.032382 
200 40.611972 0.000000 4.061197 14.272578 58.945748 0.000000 297.050000 10.944584 0.000000 69.890331 39.182031 43.778335 
201 58.313249 0.000000 5.831325 20.493474 84.638048 0.000000 297.050000 9.902242 0.000000 94.540291 40.177501 39.608969 
202 69.080575 0.000000 6.908057 24.277518 100.266150 0.000000 297.050000 7.947852 0.000000 108.214003 40.675235 31.791410 
203 92.517463 0.000000 9.251746 32.514124 134.283334 0.000000 297.050000 6.905511 0.000000 141.188845 40.177501 27.622044 
204 102.833641 0.000000 10.283364 36.139618 149.256623 0.000000 297.050000 6.123755 0.000000 155.380378 38.684296 24.495021 
205 101.657111 0.000000 10.165711 35.726141 147.548964 0.000000 297.050000 5.341999 0.000000 152.890963 38.186561 21.367997 
206 106.718881 0.000000 10.671888 37.505038 154.895807 0.000000 297.050000 6.123755 0.000000 161.019562 43.944811 24.495021 
207 115.676577 0.000000 11.567658 40.653110 167.897345 0.000000 297.050000 7.166096 0.000000 175.063441 61.340107 28.664386 
208 123.553160 0.000000 12.355316 43.421238 179.329714 0.000000 297.050000 9.511364 0.000000 188.841079 79.971964 38.045457 
209 119.482002 0.000000 11.948200 41.990480 173.420683 0.000000 297.050000 11.205169 0.000000 184.625851 90.413972 44.820676 
210 129.774837 0.000000 12.977484 45.607770 188.360091 0.000000 297.050000 10.683998 0.000000 199.044089 94.626519 42.735993 
211 104.462717 0.000000 10.446272 36.712137 151.621126 0.000000 297.050000 9.771950 0.000000 161.393076 93.321909 39.087799 
212 95.349114 0.000000 9.534911 33.509273 138.393299 0.000000 297.050000 7.947852 0.000000 146.341152 76.231729 31.791410 
213 48.715156 0.000000 4.871516 17.120343 70.707015 0.000000 297.050000 6.905511 0.000000 77.612526 54.164200 27.622044 
214 8.321429 0.000000 0.832143 2.924464 12.078036 0.000000 297.050000 3.778487 0.000000 15.856523 36.712381 15.113949 
215 0.000000 0.000000 0.000000 0.000000 0.000000 0.000000 296.670432 1.042341 0.000000 1.042341 25.682642 4.169365 
216 0.000000 0.000000 0.000000 0.000000 0.000000 0.000000 296.208668 0.521171 0.000000 0.521171 23.691703 2.084683 
217 0.000000 0.000000 0.000000 0.000000 0.000000 0.000000 296.092671 0.130293 0.000000 0.130293 22.696233 0.521171 
218 0.000000 0.000000 0.000000 0.000000 0.000000 0.000000 295.767716 0.130293 0.000000 0.130293 22.198498 0.521171 
219 0.000000 0.000000 0.000000 0.000000 0.000000 0.000000 295.679126 0.521171 0.000000 0.521171 28.081320 2.084683 
220 0.000000 0.000000 0.000000 0.000000 0.000000 0.000000 295.637431 3.517902 0.000000 3.517902 40.717860 14.071608 
221 0.000000 0.000000 0.000000 0.000000 0.000000 0.000000 295.900880 12.247510 0.000000 12.247510 48.448025 48.990041 
222 0.000000 0.000000 0.000000 0.000000 0.000000 0.000000 296.357712 13.029266 0.000000 13.029266 51.619003 52.117065 
223 0.000000 0.000000 0.000000 0.000000 0.000000 0.000000 296.771293 12.508096 0.000000 12.508096 41.282542 50.032382 
224 12.008324 0.000000 1.200832 4.220178 17.429334 0.000000 297.050000 10.944584 0.000000 28.373918 39.182031 43.778335 
225 25.518975 0.000000 2.551898 8.968330 37.039202 0.000000 297.050000 9.902242 0.000000 46.941445 40.177501 39.608969 
226 31.093820 0.000000 3.109382 10.927541 45.130743 0.000000 297.050000 7.947852 0.000000 53.078595 40.675235 31.791410 
227 50.663008 0.000000 5.066301 17.804891 73.534200 0.000000 297.050000 6.905511 0.000000 80.439711 40.177501 27.622044 
228 54.467739 0.000000 5.446774 19.142017 79.056530 0.000000 297.050000 6.123755 0.000000 85.180285 38.684296 24.495021 
229 59.707396 0.000000 5.970740 20.983430 86.661565 0.000000 297.050000 5.341999 0.000000 92.003564 38.186561 21.367997 
230 62.309854 0.000000 6.230985 21.898032 90.438871 0.000000 297.050000 6.123755 0.000000 96.562626 43.944811 24.495021 
231 71.562194 0.000000 7.156219 25.149653 103.868066 0.000000 297.050000 7.166096 0.000000 111.034162 61.340107 28.664386 
232 78.951658 0.000000 7.895166 27.746589 114.593413 0.000000 297.050000 9.511364 0.000000 124.104778 79.971964 38.045457 
233 75.569094 0.000000 7.556909 26.557828 109.683831 0.000000 297.050000 11.205169 0.000000 120.889000 90.413972 44.820676 
234 70.934164 0.000000 7.093416 24.928939 102.956519 0.000000 297.050000 10.683998 0.000000 113.640518 94.626519 42.735993 
235 72.053231 0.000000 7.205323 25.322222 104.580776 0.000000 297.050000 9.771950 0.000000 114.352725 93.321909 39.087799 
236 45.279338 0.000000 4.527934 15.912867 65.720139 0.000000 297.050000 7.947852 0.000000 73.667991 76.231729 31.791410 
237 12.294269 0.000000 1.229427 4.320670 17.844365 0.000000 297.050000 6.905511 0.000000 24.749876 54.164200 27.622044 
238 0.000000 0.000000 0.000000 0.000000 0.000000 0.000000 296.731866 3.778487 0.000000 3.778487 36.712381 15.113949 
239 0.000000 0.000000 0.000000 0.000000 0.000000 0.000000 296.296379 1.042341 0.000000 1.042341 25.682642 4.169365 
240 0.000000 0.000000 0.000000 0.000000 0.000000 0.000000 295.844098 0.521171 0.000000 0.521171 23.691703 2.084683 
241 0.000000 0.000000 0.000000 0.000000 0.000000 0.000000 295.581652 0.130293 0.000000 0.130293 22.696233 0.521171 
242 0.000000 0.000000 0.000000 0.000000 0.000000 0.000000 295.469980 0.130293 0.000000 0.130293 22.198498 0.521171 
243 0.000000 0.000000 0.000000 0.000000 0.000000 0.000000 295.535258 0.521171 0.000000 0.521171 28.081320 2.084683 
244 0.000000 0.000000 0.000000 0.000000 0.000000 0.000000 295.353582 3.517902 0.000000 3.517902 40.717860 14.071608 
245 0.000000 0.000000 0.000000 0.000000 0.000000 0.000000 295.649813 12.247510 0.000000 12.247510 48.448025 48.990041 
246 0.000000 0.000000 0.000000 0.000000 0.000000 0.000000 296.351822 13.029266 0.000000 13.029266 51.619003 52.117065 
247 0.000000 0.000000 0.000000 0.000000 0.000000 0.000000 296.671067 12.508096 0.000000 12.508096 41.282542 50.032382 
248 0.000000 0.000000 0.000000 0.000000 0.000000 0.000000 297.024437 10.944584 0.000000 10.944584 39.182031 43.778335 
249 32.434363 0.000000 3.243436 11.398658 47.076457 0.000000 297.050000 9.902242 0.000000 56.978700 40.177501 39.608969 
250 44.324445 0.000000 4.432444 15.577281 64.334170 0.000000 297.050000 7.947852 0.000000 72.282023 40.675235 31.791410 
251 74.215491 0.000000 7.421549 26.082122 107.719162 0.000000 297.050000 6.905511 0.000000 114.624673 40.177501 27.622044 
252 89.762918 0.000000 8.976292 31.546073 130.285283 0.000000 297.050000 6.123755 0.000000 136.409039 38.684296 24.495021 
253 89.524816 0.000000 8.952482 31.462396 129.939693 0.000000 297.050000 5.341999 0.000000 135.281693 38.186561 21.367997 
254 90.077051 0.000000 9.007705 31.656471 130.741227 0.000000 297.050000 6.123755 0.000000 136.864982 43.944811 24.495021 
255 97.705994 0.000000 9.770599 34.337570 141.814163 0.000000 297.050000 7.166096 0.000000 148.980260 61.340107 28.664386 
256 105.347660 0.000000 10.534766 37.023139 152.905566 0.000000 297.050000 9.511364 0.000000 162.416930 79.971964 38.045457 
257 106.476533 0.000000 10.647653 37.419868 154.544054 0.000000 297.050000 11.205169 0.000000 165.749223 90.413972 44.820676 
258 115.924168 0.000000 11.592417 40.740123 168.256707 0.000000 297.050000 10.683998 0.000000 178.940706 94.626519 42.735993 
259 113.085165 0.000000 11.308516 39.742390 164.136071 0.000000 297.050000 9.771950 0.000000 173.908021 93.321909 39.087799 
260 93.585055 0.000000 9.358505 32.889316 135.832877 0.000000 297.050000 7.947852 0.000000 143.780729 76.231729 31.791410 
261 66.834141 0.000000 6.683414 23.488037 97.005592 0.000000 297.050000 6.905511 0.000000 103.911103 54.164200 27.622044 
262 44.164329 0.000000 4.416433 15.521010 64.101773 0.000000 297.050000 3.778487 0.000000 67.880260 36.712381 15.113949 
263 27.287219 0.000000 2.728722 9.589757 39.605698 0.000000 297.050000 1.042341 0.000000 40.648039 25.682642 4.169365 
264 5.490762 0.000000 0.549076 1.929661 7.969499 0.000000 297.050000 0.521171 0.000000 8.490670 23.691703 2.084683 
265 0.000000 0.000000 0.000000 0.000000 0.000000 0.000000 296.855131 0.130293 0.000000 0.130293 22.696233 0.521171 
266 0.000000 0.000000 0.000000 0.000000 0.000000 0.000000 296.517084 0.130293 0.000000 0.130293 22.198498 0.521171 
267 0.000000 0.000000 0.000000 0.000000 0.000000 0.000000 296.511223 0.521171 0.000000 0.521171 28.081320 2.084683 
268 0.000000 0.000000 0.000000 0.000000 0.000000 0.000000 296.850422 3.517902 0.000000 3.517902 40.717860 14.071608 
269 12.335199 0.000000 1.233520 4.335054 17.903772 0.000000 297.050000 12.247510 0.000000 30.151283 48.448025 48.990041 
270 38.377906 0.000000 3.837791 13.487443 55.703140 0.000000 297.050000 13.029266 0.000000 68.732406 51.619003 52.117065 
271 45.926048 0.000000 4.592605 16.140145 66.658797 0.000000 297.050000 12.508096 0.000000 79.166893 41.282542 50.032382 
272 68.246585 0.000000 6.824659 23.984423 99.055666 0.000000 297.050000 10.944584 0.000000 110.000250 39.182031 43.778335 
273 96.413867 0.000000 9.641387 33.883467 139.938721 0.000000 297.050000 9.902242 0.000000 149.840963 40.177501 39.608969 
274 103.938941 0.000000 10.393894 36.528063 150.860898 0.000000 297.050000 7.947852 0.000000 158.808751 40.675235 31.791410 
275 127.061453 0.000000 12.706145 44.654185 184.421784 0.000000 297.050000 6.905511 0.000000 191.327295 40.177501 27.622044 
276 131.918958 0.000000 13.191896 46.361295 191.472149 0.000000 297.050000 6.123755 0.000000 197.595904 38.684296 24.495021 
277 133.850731 0.000000 13.385073 47.040193 194.275997 0.000000 297.050000 5.341999 0.000000 199.617996 38.186561 21.367997 
278 137.284401 0.000000 13.728440 48.246914 199.259755 0.000000 297.050000 6.123755 0.000000 205.383511 43.944811 24.495021 
279 148.241137 0.000000 14.824114 52.097524 215.162775 0.000000 297.050000 7.166096 0.000000 222.328872 61.340107 28.664386 
280 158.632139 0.000000 15.863214 55.749314 230.244666 0.000000 297.050000 9.511364 0.000000 239.756031 79.971964 38.045457 
281 164.519846 0.000000 16.451985 57.818476 238.790306 0.000000 297.050000 11.205169 0.000000 249.995475 90.413972 44.820676 
282 158.411682 0.000000 15.841168 55.671837 229.924688 0.000000 297.050000 10.683998 0.000000 240.608686 94.626519 42.735993 
283 153.441020 0.000000 15.344102 53.924959 222.710081 0.000000 297.050000 9.771950 0.000000 232.482030 93.321909 39.087799 
284 143.693957 0.000000 14.369396 50.499474 208.562826 0.000000 297.050000 7.947852 0.000000 216.510678 76.231729 31.791410 
285 112.827982 0.000000 11.282798 39.652006 163.762786 0.000000 297.050000 6.905511 0.000000 170.668297 54.164200 27.622044 
286 83.722083 0.000000 8.372208 29.423096 121.517388 0.000000 297.050000 3.778487 0.000000 125.295875 36.712381 15.113949 
287 59.741795 0.000000 5.974179 20.995519 86.711493 0.000000 297.050000 1.042341 0.000000 87.753834 25.682642 4.169365 
288 34.882810 0.000000 3.488281 12.259135 50.630226 0.000000 297.050000 0.521171 0.000000 51.151397 23.691703 2.084683 
289 19.752111 0.000000 1.975211 6.941636 28.668958 0.000000 297.050000 0.130293 0.000000 28.799251 22.696233 0.521171 
290 8.581057 0.000000 0.858106 3.015707 12.454869 0.000000 297.050000 0.130293 0.000000 12.585162 22.198498 0.521171 
291 6.162798 0.000000 0.616280 2.165840 8.944917 0.000000 297.050000 0.521171 0.000000 9.466088 28.081320 2.084683 
292 19.285851 0.000000 1.928585 6.777775 27.992211 0.000000 297.050000 3.517902 0.000000 31.510112 40.717860 14.071608 
293 17.368982 0.000000 1.736898 6.104115 25.209996 0.000000 297.050000 12.247510 0.000000 37.457506 48.448025 48.990041 
294 45.020547 0.000000 4.502055 15.821918 65.344520 0.000000 297.050000 13.029266 0.000000 78.373786 51.619003 52.117065 
295 54.252363 0.000000 5.425236 19.066326 78.743925 0.000000 297.050000 12.508096 0.000000 91.252021 41.282542 50.032382 
296 73.521475 0.000000 7.352148 25.838218 106.711841 0.000000 297.050000 10.944584 0.000000 117.656425 39.182031 43.778335 
297 83.024916 0.000000 8.302492 29.178086 120.505494 0.000000 297.050000 9.902242 0.000000 130.407736 40.177501 39.608969 
298 103.495332 0.000000 10.349533 36.372161 150.217026 0.000000 297.050000 7.947852 0.000000 158.164879 40.675235 31.791410 
299 127.472073 0.000000 12.747207 44.798492 185.017772 0.000000 297.050000 6.905511 0.000000 191.923283 40.177501 27.622044 
300 134.963460 0.000000 13.496346 47.431248 195.891054 0.000000 297.050000 6.123755 0.000000 202.014809 38.684296 24.495021 
301 131.443629 0.000000 13.144363 46.194247 190.782238 0.000000 297.050000 5.341999 0.000000 196.124237 38.186561 21.367997 
302 131.832410 0.000000 13.183241 46.330879 191.346530 0.000000 297.050000 6.123755 0.000000 197.470285 43.944811 24.495021 
303 138.034780 0.000000 13.803478 48.510626 200.348884 0.000000 297.050000 7.166096 0.000000 207.514980 61.340107 28.664386 
304 133.987198 0.000000 13.398720 47.088153 194.474071 0.000000 297.050000 9.511364 0.000000 203.985435 79.971964 38.045457 
305 141.121842 0.000000 14.112184 49.595536 204.829562 0.000000 297.050000 11.205169 0.000000 216.034731 90.413972 44.820676 
306 148.347205 0.000000 14.834721 52.134801 215.316727 0.000000 297.050000 10.683998 0.000000 226.000725 94.626519 42.735993 
307 131.949400 0.000000 13.194940 46.371994 191.516334 0.000000 297.050000 9.771950 0.000000 201.288284 93.321909 39.087799 
308 103.221270 0.000000 10.322127 36.275846 149.819242 0.000000 297.050000 7.947852 0.000000 157.767095 76.231729 31.791410 
309 68.776505 0.000000 6.877650 24.170657 99.824812 0.000000 297.050000 6.905511 0.000000 106.730323 54.164200 27.622044 
310 40.640618 0.000000 4.064062 14.282645 58.987326 0.000000 297.050000 3.778487 0.000000 62.765813 36.712381 15.113949 
311 19.950190 0.000000 1.995019 7.011249 28.956457 0.000000 297.050000 1.042341 0.000000 29.998799 25.682642 4.169365 
312 5.176126 0.000000 0.517613 1.819086 7.512825 0.000000 297.050000 0.521171 0.000000 8.033995 23.691703 2.084683 
313 0.000000 0.000000 0.000000 0.000000 0.000000 0.000000 296.917184 0.130293 0.000000 0.130293 22.696233 0.521171 
314 0.000000 0.000000 0.000000 0.000000 0.000000 0.000000 296.677878 0.130293 0.000000 0.130293 22.198498 0.521171 
315 0.000000 0.000000 0.000000 0.000000 0.000000 0.000000 296.612856 0.521171 0.000000 0.521171 28.081320 2.084683 
316 0.000000 0.000000 0.000000 0.000000 0.000000 0.000000 296.900907 3.517902 0.000000 3.517902 40.717860 14.071608 
317 0.000000 0.000000 0.000000 0.000000 0.000000 0.000000 296.782428 12.247510 0.000000 12.247510 48.448025 48.990041 
318 17.568969 0.000000 1.756897 6.174398 25.500264 0.000000 297.050000 13.029266 0.000000 38.529530 51.619003 52.117065 
319 27.126162 0.000000 2.712616 9.533156 39.371934 0.000000 297.050000 12.508096 0.000000 51.880030 41.282542 50.032382 
320 47.123785 0.000000 4.712379 16.561075 68.397239 0.000000 297.050000 10.944584 0.000000 79.341822 39.182031 43.778335 
321 62.179860 0.000000 6.217986 21.852347 90.250194 0.000000 297.050000 9.902242 0.000000 100.152436 40.177501 39.608969 
322 85.424989 0.000000 8.542499 30.021562 123.989050 0.000000 297.050000 7.947852 0.000000 131.936903 40.675235 31.791410 
323 107.711397 0.000000 10.771140 37.853846 156.336382 0.000000 297.050000 6.905511 0.000000 163.241893 40.177501 27.622044 
324 113.108894 0.000000 11.310889 39.750730 164.170514 0.000000 297.050000 6.123755 0.000000 170.294269 38.684296 24.495021 
325 112.100710 0.000000 11.210071 39.396416 162.707197 0.000000 297.050000 5.341999 0.000000 168.049196 38.186561 21.367997 
326 103.586772 0.000000 10.358677 36.404297 150.349747 0.000000 297.050000 6.123755 0.000000 156.473502 43.944811 24.495021 
327 89.774886 0.000000 8.977489 31.550280 130.302655 0.000000 297.050000 7.166096 0.000000 137.468751 61.340107 28.664386 
328 102.564808 0.000000 10.256481 36.045140 148.866429 0.000000 297.050000 9.511364 0.000000 158.377794 79.971964 38.045457 
329 117.474582 0.000000 11.747458 41.284997 170.507037 0.000000 297.050000 11.205169 0.000000 181.712206 90.413972 44.820676 
330 101.013012 0.000000 10.101301 35.499781 146.614094 0.000000 297.050000 10.683998 0.000000 157.298093 94.626519 42.735993 
331 101.527645 0.000000 10.152765 35.680642 147.361052 0.000000 297.050000 9.771950 0.000000 157.133002 93.321909 39.087799 
332 90.942132 0.000000 9.094213 31.960494 131.996839 0.000000 297.050000 7.947852 0.000000 139.944692 76.231729 31.791410 
333 60.436668 0.000000 6.043667 21.239724 87.720059 0.000000 297.050000 6.905511 0.000000 94.625570 54.164200 27.622044 
334 33.189022 0.000000 3.318902 11.663874 48.171798 0.000000 297.050000 3.778487 0.000000 51.950285 36.712381 15.113949 
335 12.753303 0.000000 1.275330 4.481991 18.510624 0.000000 297.050000 1.042341 0.000000 19.552966 25.682642 4.169365 
336 0.000000 0.000000 0.000000 0.000000 0.000000 0.000000 296.949812 0.521171 0.000000 0.521171 23.691703 2.084683 
337 0.000000 0.000000 0.000000 0.000000 0.000000 0.000000 296.698956 0.130293 0.000000 0.130293 22.696233 0.521171 
338 0.000000 0.000000 0.000000 0.000000 0.000000 0.000000 296.580240 0.130293 0.000000 0.130293 22.198498 0.521171 
339 0.000000 0.000000 0.000000 0.000000 0.000000 0.000000 296.606104 0.521171 0.000000 0.521171 28.081320 2.084683 
340 0.000000 0.000000 0.000000 0.000000 0.000000 0.000000 296.492114 3.517902 0.000000 3.517902 40.717860 14.071608 
341 0.000000 0.000000 0.000000 0.000000 0.000000 0.000000 296.806790 12.247510 0.000000 12.247510 48.448025 48.990041 
342 18.590922 0.000000 1.859092 6.533551 26.983565 0.000000 297.050000 13.029266 0.000000 40.012831 51.619003 52.117065 
343 27.789406 0.000000 2.778941 9.766245 40.334592 0.000000 297.050000 12.508096 0.000000 52.842688 41.282542 50.032382 
344 47.830564 0.000000 4.783056 16.809463 69.423084 0.000000 297.050000 10.944584 0.000000 80.367668 39.182031 43.778335 
345 63.457546 0.000000 6.345755 22.301374 92.104675 0.000000 297.050000 9.902242 0.000000 102.006918 40.177501 39.608969 
346 85.871502 0.000000 8.587150 30.178483 124.637135 0.000000 297.050000 7.947852 0.000000 132.584987 40.675235 31.791410 
347 112.109286 0.000000 11.210929 39.399430 162.719644 0.000000 297.050000 6.905511 0.000000 169.625155 40.177501 27.622044 
348 118.819525 0.000000 11.881952 41.757660 172.459138 0.000000 297.050000 6.123755 0.000000 178.582893 38.684296 24.495021 
349 120.857459 0.000000 12.085746 42.473867 175.417072 0.000000 297.050000 5.341999 0.000000 180.759071 38.186561 21.367997 
350 123.108049 0.000000 12.310805 43.264809 178.683663 0.000000 297.050000 6.123755 0.000000 184.807418 43.944811 24.495021 
351 128.545398 0.000000 12.854540 45.175699 186.575637 0.000000 297.050000 7.166096 0.000000 193.741733 61.340107 28.664386 
352 131.347947 0.000000 13.134795 46.160620 190.643362 0.000000 297.050000 9.511364 0.000000 200.154727 79.971964 38.045457 
353 136.258954 0.000000 13.625895 47.886533 197.771383 0.000000 297.050000 11.205169 0.000000 208.976552 90.413972 44.820676 
354 118.432975 0.000000 11.843298 41.621812 171.898085 0.000000 297.050000 10.683998 0.000000 182.582084 94.626519 42.735993 
355 116.168238 0.000000 11.616824 40.825898 168.610960 0.000000 297.050000 9.771950 0.000000 178.382910 93.321909 39.087799 
356 93.118914 0.000000 9.311891 32.725497 135.156302 0.000000 297.050000 7.947852 0.000000 143.104154 76.231729 31.791410 
357 63.269742 0.000000 6.326974 22.235373 91.832089 0.000000 297.050000 6.905511 0.000000 98.737600 54.164200 27.622044 
358 43.827153 0.000000 4.382715 15.402514 63.612382 0.000000 297.050000 3.778487 0.000000 67.390869 36.712381 15.113949 
359 23.654338 0.000000 2.365434 8.313026 34.332798 0.000000 297.050000 1.042341 0.000000 35.375139 25.682642 4.169365 
360 8.036662 0.000000 0.803666 2.824386 11.664714 0.000000 297.050000 0.521171 0.000000 12.185885 23.691703 2.084683 
361 0.000000 0.000000 0.000000 0.000000 0.000000 0.000000 297.016132 0.130293 0.000000 0.130293 22.696233 0.521171 
362 0.000000 0.000000 0.000000 0.000000 0.000000 0.000000 296.907919 0.130293 0.000000 0.130293 22.198498 0.521171 
363 0.000000 0.000000 0.000000 0.000000 0.000000 0.000000 296.895224 0.521171 0.000000 0.521171 28.081320 2.084683 
364 0.000000 0.000000 0.000000 0.000000 0.000000 0.000000 296.814823 3.517902 0.000000 3.517902 40.717860 14.071608 
365 0.000000 0.000000 0.000000 0.000000 0.000000 0.000000 296.978098 12.247510 0.000000 12.247510 48.448025 48.990041 
366 22.049619 0.000000 2.204962 7.749068 32.003649 0.000000 297.050000 13.029266 0.000000 45.032915 51.619003 52.117065 
367 22.130264 0.000000 2.213026 7.777409 32.120699 0.000000 297.050000 12.508096 0.000000 44.628795 41.282542 50.032382 
368 53.197438 0.000000 5.319744 18.695585 77.212767 0.000000 297.050000 10.944584 0.000000 88.157350 39.182031 43.778335 
369 79.769438 0.000000 7.976944 28.033988 115.780369 0.000000 297.050000 9.902242 0.000000 125.682612 40.177501 39.608969 
370 87.332561 0.000000 8.733256 30.691954 126.757772 0.000000 297.050000 7.947852 0.000000 134.705624 40.675235 31.791410 
371 112.413062 0.000000 11.241306 39.506188 163.160557 0.000000 297.050000 6.905511 0.000000 170.066068 40.177501 27.622044 
372 120.332725 0.000000 12.033272 42.289456 174.655453 0.000000 297.050000 6.123755 0.000000 180.779208 38.684296 24.495021 
373 119.596300 0.000000 11.959630 42.030649 173.586578 0.000000 297.050000 5.341999 0.000000 178.928578 38.186561 21.367997 
374 119.427902 0.000000 11.942790 41.971467 173.342159 0.000000 297.050000 6.123755 0.000000 179.465914 43.944811 24.495021 
375 123.987039 0.000000 12.398704 43.573720 179.959463 0.000000 297.050000 7.166096 0.000000 187.125560 61.340107 28.664386 
376 127.338433 0.000000 12.733843 44.751526 184.823802 0.000000 297.050000 9.511364 0.000000 194.335166 79.971964 38.045457 
377 116.241349 0.000000 11.624135 40.851592 168.717077 0.000000 297.050000 11.205169 0.000000 179.922246 90.413972 44.820676 
378 136.502907 0.000000 13.650291 47.972268 198.125465 0.000000 297.050000 10.683998 0.000000 208.809464 94.626519 42.735993 
379 126.432380 0.000000 12.643238 44.433105 183.508722 0.000000 297.050000 9.771950 0.000000 193.280672 93.321909 39.087799 
380 100.362235 0.000000 10.036223 35.271073 145.669531 0.000000 297.050000 7.947852 0.000000 153.617383 76.231729 31.791410 
381 65.768746 0.000000 6.576875 23.113617 95.459237 0.000000 297.050000 6.905511 0.000000 102.364748 54.164200 27.622044 
382 35.362069 0.000000 3.536207 12.427564 51.325840 0.000000 297.050000 3.778487 0.000000 55.104327 36.712381 15.113949 
383 12.443088 0.000000 1.244309 4.372970 18.060367 0.000000 297.050000 1.042341 0.000000 19.102708 25.682642 4.169365 
384 0.000000 0.000000 0.000000 0.000000 0.000000 0.000000 296.814069 0.521171 0.000000 0.521171 23.691703 2.084683 
385 0.000000 0.000000 0.000000 0.000000 0.000000 0.000000 296.513185 0.130293 0.000000 0.130293 22.696233 0.521171 
386 0.000000 0.000000 0.000000 0.000000 0.000000 0.000000 296.297893 0.130293 0.000000 0.130293 22.198498 0.521171 
387 0.000000 0.000000 0.000000 0.000000 0.000000 0.000000 296.243430 0.521171 0.000000 0.521171 28.081320 2.084683 
388 0.000000 0.000000 0.000000 0.000000 0.000000 0.000000 296.291175 3.517902 0.000000 3.517902 40.717860 14.071608 
389 0.000000 0.000000 0.000000 0.000000 0.000000 0.000000 296.347624 12.247510 0.000000 12.247510 48.448025 48.990041 
390 0.000000 0.000000 0.000000 0.000000 0.000000 0.000000 297.034381 13.029266 0.000000 13.029266 51.619003 52.117065 
391 11.497729 0.000000 1.149773 4.040735 16.688237 0.000000 297.050000 12.508096 0.000000 29.196333 41.282542 50.032382 
392 31.862649 0.000000 3.186265 11.197736 46.246650 0.000000 297.050000 10.944584 0.000000 57.191233 39.182031 43.778335 
393 38.048134 0.000000 3.804813 13.371549 55.224497 0.000000 297.050000 9.902242 0.000000 65.126739 40.177501 39.608969 
394 58.157489 0.000000 5.815749 20.438734 84.411972 0.000000 297.050000 7.947852 0.000000 92.359825 40.675235 31.791410 
395 78.131760 0.000000 7.813176 27.458446 113.403381 0.000000 297.050000 6.905511 0.000000 120.308892 40.177501 27.622044 
396 67.274482 0.000000 6.727448 23.642789 97.644719 0.000000 297.050000 6.123755 0.000000 103.768475 38.684296 24.495021 
397 61.094100 0.000000 6.109410 21.470770 88.674279 0.000000 297.050000 5.341999 0.000000 94.016278 38.186561 21.367997 
398 63.381809 0.000000 6.338181 22.274757 91.994747 0.000000 297.050000 6.123755 0.000000 98.118502 43.944811 24.495021 
399 79.181967 0.000000 7.918197 27.827528 114.927692 0.000000 297.050000 7.166096 0.000000 122.093788 61.340107 28.664386 
400 80.791970 0.000000 8.079197 28.393344 117.264511 0.000000 297.050000 9.511364 0.000000 126.775875 79.971964 38.045457 
401 87.038239 0.000000 8.703824 30.588519 126.330582 0.000000 297.050000 11.205169 0.000000 137.535751 90.413972 44.820676 
402 96.903590 0.000000 9.690359 34.055575 140.649524 0.000000 297.050000 10.683998 0.000000 151.333522 94.626519 42.735993 
403 84.741654 0.000000 8.474165 29.781412 122.997231 0.000000 297.050000 9.771950 0.000000 132.769181 93.321909 39.087799 
404 59.641397 0.000000 5.964140 20.960235 86.565772 0.000000 297.050000 7.947852 0.000000 94.513624 76.231729 31.791410 
405 27.737215 0.000000 2.773722 9.747903 40.258840 0.000000 297.050000 6.905511 0.000000 47.164351 54.164200 27.622044 
406 0.000000 0.000000 0.000000 0.000000 0.000000 0.000000 297.047460 3.778487 0.000000 3.778487 36.712381 15.113949 
407 0.000000 0.000000 0.000000 0.000000 0.000000 0.000000 296.581605 1.042341 0.000000 1.042341 25.682642 4.169365 
408 0.000000 0.000000 0.000000 0.000000 0.000000 0.000000 296.183794 0.521171 0.000000 0.521171 23.691703 2.084683 
409 0.000000 0.000000 0.000000 0.000000 0.000000 0.000000 295.888061 0.130293 0.000000 0.130293 22.696233 0.521171 
410 0.000000 0.000000 0.000000 0.000000 0.000000 0.000000 295.656091 0.130293 0.000000 0.130293 22.198498 0.521171 
411 0.000000 0.000000 0.000000 0.000000 0.000000 0.000000 295.584049 0.521171 0.000000 0.521171 28.081320 2.084683 
412 0.000000 0.000000 0.000000 0.000000 0.000000 0.000000 295.845386 3.517902 0.000000 3.517902 40.717860 14.071608 
413 0.000000 0.000000 0.000000 0.000000 0.000000 0.000000 295.766821 12.247510 0.000000 12.247510 48.448025 48.990041 
414 0.000000 0.000000 0.000000 0.000000 0.000000 0.000000 296.440546 13.029266 0.000000 13.029266 51.619003 52.117065 
415 0.000000 0.000000 0.000000 0.000000 0.000000 0.000000 296.567725 12.508096 0.000000 12.508096 41.282542 50.032382 
416 0.000000 0.000000 0.000000 0.000000 0.000000 0.000000 296.528067 10.944584 0.000000 10.944584 39.182031 43.778335 
417 0.000000 0.000000 0.000000 0.000000 0.000000 0.000000 296.826257 9.902242 0.000000 9.902242 40.177501 39.608969 
418 0.000000 0.000000 0.000000 0.000000 0.000000 0.000000 296.973489 7.947852 0.000000 7.947852 40.675235 31.791410 
419 7.149373 0.000000 0.714937 2.512559 10.376869 0.000000 297.050000 6.905511 0.000000 17.282380 40.177501 27.622044 
420 12.847946 0.000000 1.284795 4.515253 18.647994 0.000000 297.050000 6.123755 0.000000 24.771749 38.684296 24.495021 
421 17.372989 0.000000 1.737299 6.105523 25.215811 0.000000 297.050000 5.341999 0.000000 30.557810 38.186561 21.367997 
422 17.704144 0.000000 1.770414 6.221904 25.696462 0.000000 297.050000 6.123755 0.000000 31.820217 43.944811 24.495021 
423 30.443702 0.000000 3.044370 10.699065 44.187137 0.000000 297.050000 7.166096 0.000000 51.353234 61.340107 28.664386 
424 33.500309 0.000000 3.350031 11.773272 48.623612 0.000000 297.050000 9.511364 0.000000 58.134976 79.971964 38.045457 
425 45.041423 0.000000 4.504142 15.829254 65.374819 0.000000 297.050000 11.205169 0.000000 76.579988 90.413972 44.820676 
426 42.126679 0.000000 4.212668 14.804903 61.144251 0.000000 297.050000 10.683998 0.000000 71.828249 94.626519 42.735993 
427 49.823821 0.000000 4.982382 17.509969 72.316172 0.000000 297.050000 9.771950 0.000000 82.088121 93.321909 39.087799 
428 30.823949 0.000000 3.082395 10.832698 44.739042 0.000000 297.050000 7.947852 0.000000 52.686895 76.231729 31.791410 
429 4.040812 0.000000 0.404081 1.420094 5.864987 0.000000 297.050000 6.905511 0.000000 12.770498 54.164200 27.622044 
430 0.000000 0.000000 0.000000 0.000000 0.000000 0.000000 296.633569 3.778487 0.000000 3.778487 36.712381 15.113949 
431 0.000000 0.000000 0.000000 0.000000 0.000000 0.000000 296.229064 1.042341 0.000000 1.042341 25.682642 4.169365 
432 0.000000 0.000000 0.000000 0.000000 0.000000 0.000000 296.001710 0.521171 0.000000 0.521171 23.691703 2.084683 
433 0.000000 0.000000 0.000000 0.000000 0.000000 0.000000 295.832066 0.130293 0.000000 0.130293 22.696233 0.521171 
434 0.000000 0.000000 0.000000 0.000000 0.000000 0.000000 295.654573 0.130293 0.000000 0.130293 22.198498 0.521171 
435 0.000000 0.000000 0.000000 0.000000 0.000000 0.000000 295.609711 0.521171 0.000000 0.521171 28.081320 2.084683 
436 0.000000 0.000000 0.000000 0.000000 0.000000 0.000000 295.480727 3.517902 0.000000 3.517902 40.717860 14.071608 
437 0.000000 0.000000 0.000000 0.000000 0.000000 0.000000 295.709658 12.247510 0.000000 12.247510 48.448025 48.990041 
438 0.000000 0.000000 0.000000 0.000000 0.000000 0.000000 296.221746 13.029266 0.000000 13.029266 51.619003 52.117065 
439 0.000000 0.000000 0.000000 0.000000 0.000000 0.000000 296.198825 12.508096 0.000000 12.508096 41.282542 50.032382 
440 0.000000 0.000000 0.000000 0.000000 0.000000 0.000000 296.778016 10.944584 0.000000 10.944584 39.182031 43.778335 
441 13.196101 0.000000 1.319610 4.637607 19.153318 0.000000 297.050000 9.902242 0.000000 29.055561 40.177501 39.608969 
442 20.831906 0.000000 2.083191 7.321117 30.236214 0.000000 297.050000 7.947852 0.000000 38.184066 40.675235 31.791410 
443 51.110037 0.000000 5.111004 17.961994 74.183035 0.000000 297.050000 6.905511 0.000000 81.088546 40.177501 27.622044 
444 69.024595 0.000000 6.902460 24.257845 100.184900 0.000000 297.050000 6.123755 0.000000 106.308655 38.684296 24.495021 
445 73.936214 0.000000 7.393621 25.983973 107.313809 0.000000 297.050000 5.341999 0.000000 112.655808 38.186561 21.367997 
446 77.155277 0.000000 7.715528 27.115273 111.986078 0.000000 297.050000 6.123755 0.000000 118.109833 43.944811 24.495021 
447 83.013831 0.000000 8.301383 29.174190 120.489404 0.000000 297.050000 7.166096 0.000000 127.655500 61.340107 28.664386 
448 92.427017 0.000000 9.242702 32.482338 134.152057 0.000000 297.050000 9.511364 0.000000 143.663422 79.971964 38.045457 
449 91.680219 0.000000 9.168022 32.219885 133.068126 0.000000 297.050000 11.205169 0.000000 144.273295 90.413972 44.820676 
450 101.400320 0.000000 10.140032 35.635895 147.176247 0.000000 297.050000 10.683998 0.000000 157.860245 94.626519 42.735993 
451 81.718174 0.000000 8.171817 28.718847 118.608839 0.000000 297.050000 9.771950 0.000000 128.380788 93.321909 39.087799 
452 70.492840 0.000000 7.049284 24.773842 102.315966 0.000000 297.050000 7.947852 0.000000 110.263818 76.231729 31.791410 
453 39.107062 0.000000 3.910706 13.743696 56.761464 0.000000 297.050000 6.905511 0.000000 63.666975 54.164200 27.622044 
454 11.581367 0.000000 1.158137 4.070129 16.809633 0.000000 297.050000 3.778487 0.000000 20.588120 36.712381 15.113949 
455 0.000000 0.000000 0.000000 0.000000 0.000000 0.000000 296.858220 1.042341 0.000000 1.042341 25.682642 4.169365 
456 0.000000 0.000000 0.000000 0.000000 0.000000 0.000000 296.459585 0.521171 0.000000 0.521171 23.691703 2.084683 
457 0.000000 0.000000 0.000000 0.000000 0.000000 0.000000 296.170186 0.130293 0.000000 0.130293 22.696233 0.521171 
458 0.000000 0.000000 0.000000 0.000000 0.000000 0.000000 295.964147 0.130293 0.000000 0.130293 22.198498 0.521171 
459 0.000000 0.000000 0.000000 0.000000 0.000000 0.000000 295.908973 0.521171 0.000000 0.521171 28.081320 2.084683 
460 0.000000 0.000000 0.000000 0.000000 0.000000 0.000000 296.161888 3.517902 0.000000 3.517902 40.717860 14.071608 
461 0.000000 0.000000 0.000000 0.000000 0.000000 0.000000 296.075419 12.247510 0.000000 12.247510 48.448025 48.990041 
462 0.000000 0.000000 0.000000 0.000000 0.000000 0.000000 296.758930 13.029266 0.000000 13.029266 51.619003 52.117065 
463 5.886822 0.000000 0.588682 2.068851 8.544356 0.000000 297.050000 12.508096 0.000000 21.052451 41.282542 50.032382 
464 32.736073 0.000000 3.273607 11.504690 47.514371 0.000000 297.050000 10.944584 0.000000 58.458954 39.182031 43.778335 
465 58.131645 0.000000 5.813165 20.429652 84.374462 0.000000 297.050000 9.902242 0.000000 94.276704 40.177501 39.608969 
466 50.658063 0.000000 5.065806 17.803153 73.527022 0.000000 297.050000 7.947852 0.000000 81.474874 40.675235 31.791410 
467 92.026185 0.000000 9.202619 32.341471 133.570275 0.000000 297.050000 6.905511 0.000000 140.475786 40.177501 27.622044 
468 113.895296 0.000000 11.389530 40.027101 165.311926 0.000000 297.050000 6.123755 0.000000 171.435681 38.684296 24.495021 
469 116.745582 0.000000 11.674558 41.028799 169.448940 0.000000 297.050000 5.341999 0.000000 174.790939 38.186561 21.367997 
470 117.246581 0.000000 11.724658 41.204869 170.176108 0.000000 297.050000 6.123755 0.000000 176.299863 43.944811 24.495021 
471 123.831255 0.000000 12.383125 43.518971 179.733352 0.000000 297.050000 7.166096 0.000000 186.899448 61.340107 28.664386 
472 128.743960 0.000000 12.874396 45.245481 186.863837 0.000000 297.050000 9.511364 0.000000 196.375202 79.971964 38.045457 
473 119.266202 0.000000 11.926620 41.914640 173.107462 0.000000 297.050000 11.205169 0.000000 184.312631 90.413972 44.820676 
474 134.352005 0.000000 13.435200 47.216360 195.003565 0.000000 297.050000 10.683998 0.000000 205.687563 94.626519 42.735993 
475 123.290813 0.000000 12.329081 43.329040 178.948934 0.000000 297.050000 9.771950 0.000000 188.720883 93.321909 39.087799 
476 97.873207 0.000000 9.787321 34.396335 142.056862 0.000000 297.050000 7.947852 0.000000 150.004714 76.231729 31.791410 
477 62.640398 0.000000 6.264040 22.014197 90.918635 0.000000 297.050000 6.905511 0.000000 97.824146 54.164200 27.622044 
478 30.902867 0.000000 3.090287 10.860432 44.853586 0.000000 297.050000 3.778487 0.000000 48.632073 36.712381 15.113949 
479 8.035084 0.000000 0.803508 2.823831 11.662424 0.000000 297.050000 1.042341 0.000000 12.704765 25.682642 4.169365 
480 0.000000 0.000000 0.000000 0.000000 0.000000 0.000000 296.848623 0.521171 0.000000 0.521171 23.691703 2.084683 
481 0.000000 0.000000 0.000000 0.000000 0.000000 0.000000 296.537859 0.130293 0.000000 0.130293 22.696233 0.521171 
482 0.000000 0.000000 0.000000 0.000000 0.000000 0.000000 296.299654 0.130293 0.000000 0.130293 22.198498 0.521171 
483 0.000000 0.000000 0.000000 0.000000 0.000000 0.000000 296.211432 0.521171 0.000000 0.521171 28.081320 2.084683 
484 0.000000 0.000000 0.000000 0.000000 0.000000 0.000000 296.072994 3.517902 0.000000 3.517902 40.717860 14.071608 
485 0.000000 0.000000 0.000000 0.000000 0.000000 0.000000 296.474667 12.247510 0.000000 12.247510 48.448025 48.990041 
486 6.929966 0.000000 0.692997 2.435451 10.058414 0.000000 297.050000 13.029266 0.000000 23.087680 51.619003 52.117065 
487 11.284664 0.000000 1.128466 3.965857 16.378987 0.000000 297.050000 12.508096 0.000000 28.887083 41.282542 50.032382 
488 33.456884 0.000000 3.345688 11.758010 48.560582 0.000000 297.050000 10.944584 0.000000 59.505166 39.182031 43.778335 
489 41.739472 0.000000 4.173947 14.668824 60.582243 0.000000 297.050000 9.902242 0.000000 70.484485 40.177501 39.608969 
490 63.583800 0.000000 6.358380 22.345745 92.287925 0.000000 297.050000 7.947852 0.000000 100.235777 40.675235 31.791410 
491 86.701179 0.000000 8.670118 30.470063 125.841360 0.000000 297.050000 6.905511 0.000000 132.746871 40.177501 27.622044 
492 93.969675 0.000000 9.396967 33.024486 136.391129 0.000000 297.050000 6.123755 0.000000 142.514884 38.684296 24.495021 
493 91.793370 0.000000 9.179337 32.259651 133.232358 0.000000 297.050000 5.341999 0.000000 138.574357 38.186561 21.367997 
494 95.497013 0.000000 9.549701 33.561250 138.607964 0.000000 297.050000 6.123755 0.000000 144.731719 43.944811 24.495021 
495 103.142528 0.000000 10.314253 36.248173 149.704953 0.000000 297.050000 7.166096 0.000000 156.871050 61.340107 28.664386 
496 110.234433 0.000000 11.023443 38.740536 159.998412 0.000000 297.050000 9.511364 0.000000 169.509776 79.971964 38.045457 
497 108.404349 0.000000 10.840435 38.097375 157.342160 0.000000 297.050000 11.205169 0.000000 168.547328 90.413972 44.820676 
498 101.995397 0.000000 10.199540 35.845028 148.039964 0.000000 297.050000 10.683998 0.000000 158.723962 94.626519 42.735993 
499 104.977820 0.000000 10.497782 36.893164 152.368765 0.000000 297.050000 9.771950 0.000000 162.140715 93.321909 39.087799 
500 79.051972 0.000000 7.905197 27.781843 114.739012 0.000000 297.050000 7.947852 0.000000 122.686864 76.231729 31.791410 
501 45.820224 0.000000 4.582022 16.102954 66.505201 0.000000 297.050000 6.905511 0.000000 73.410712 54.164200 27.622044 
502 17.394475 0.000000 1.739447 6.113074 25.246996 0.000000 297.050000 3.778487 0.000000 29.025483 36.712381 15.113949 
503 0.000000 0.000000 0.000000 0.000000 0.000000 0.000000 296.996500 1.042341 0.000000 1.042341 25.682642 4.169365 
504 0.000000 0.000000 0.000000 0.000000 0.000000 0.000000 296.646875 0.521171 0.000000 0.521171 23.691703 2.084683 
505 0.000000 0.000000 0.000000 0.000000 0.000000 0.000000 296.369864 0.130293 0.000000 0.130293 22.696233 0.521171 
506 0.000000 0.000000 0.000000 0.000000 0.000000 0.000000 296.109215 0.130293 0.000000 0.130293 22.198498 0.521171 
507 0.000000 0.000000 0.000000 0.000000 0.000000 0.000000 296.013298 0.521171 0.000000 0.521171 28.081320 2.084683 
508 0.000000 0.000000 0.000000 0.000000 0.000000 0.000000 295.646197 3.517902 0.000000 3.517902 40.717860 14.071608 
509 0.000000 0.000000 0.000000 0.000000 0.000000 0.000000 295.965237 12.247510 0.000000 12.247510 48.448025 48.990041 
510 0.000000 0.000000 0.000000 0.000000 0.000000 0.000000 296.575928 13.029266 0.000000 13.029266 51.619003 52.117065 
511 0.000000 0.000000 0.000000 0.000000 0.000000 0.000000 296.580134 12.508096 0.000000 12.508096 41.282542 50.032382 
512 0.000000 0.000000 0.000000 0.000000 0.000000 0.000000 296.670042 10.944584 0.000000 10.944584 39.182031 43.778335 
513 3.990213 0.000000 0.399021 1.402311 5.791546 0.000000 297.050000 9.902242 0.000000 15.693788 40.177501 39.608969 
514 19.291496 0.000000 1.929150 6.779759 28.000404 0.000000 297.050000 7.947852 0.000000 35.948257 40.675235 31.791410 
515 21.526887 0.000000 2.152689 7.565360 31.244935 0.000000 297.050000 6.905511 0.000000 38.150446 40.177501 27.622044 
516 5.881020 0.000000 0.588102 2.066812 8.535934 0.000000 297.050000 6.123755 0.000000 14.659689 38.684296 24.495021 
517 6.692224 0.000000 0.669222 2.351900 9.713347 0.000000 297.050000 5.341999 0.000000 15.055346 38.186561 21.367997 
518 3.555761 0.000000 0.355576 1.249629 5.160966 0.000000 297.050000 6.123755 0.000000 11.284721 43.944811 24.495021 
519 15.824845 0.000000 1.582484 5.561447 22.968777 0.000000 297.050000 7.166096 0.000000 30.134873 61.340107 28.664386 
520 30.287505 0.000000 3.028751 10.644171 43.960427 0.000000 297.050000 9.511364 0.000000 53.471791 79.971964 38.045457 
521 36.697692 0.000000 3.669769 12.896952 53.264413 0.000000 297.050000 11.205169 0.000000 64.469582 90.413972 44.820676 
522 24.106604 0.000000 2.410660 8.471969 34.989233 0.000000 297.050000 10.683998 0.000000 45.673231 94.626519 42.735993 
523 37.524172 0.000000 3.752417 13.187409 54.463999 0.000000 297.050000 9.771950 0.000000 64.235948 93.321909 39.087799 
524 19.139797 0.000000 1.913980 6.726446 27.780223 0.000000 297.050000 7.947852 0.000000 35.728075 76.231729 31.791410 
525 0.000000 0.000000 0.000000 0.000000 0.000000 0.000000 296.863914 6.905511 0.000000 6.905511 54.164200 27.622044 
526 0.000000 0.000000 0.000000 0.000000 0.000000 0.000000 296.280983 3.778487 0.000000 3.778487 36.712381 15.113949 
527 0.000000 0.000000 0.000000 0.000000 0.000000 0.000000 295.771519 1.042341 0.000000 1.042341 25.682642 4.169365 
528 0.000000 0.000000 0.000000 0.000000 0.000000 0.000000 295.500186 0.521171 0.000000 0.521171 23.691703 2.084683 
529 0.000000 0.000000 0.000000 0.000000 0.000000 0.000000 295.288395 0.130293 0.000000 0.130293 22.696233 0.521171 
530 0.000000 0.000000 0.000000 0.000000 0.000000 0.000000 295.129793 0.130293 0.000000 0.130293 22.198498 0.521171 
531 0.000000 0.000000 0.000000 0.000000 0.000000 0.000000 295.109180 0.521171 0.000000 0.521171 28.081320 2.084683 
532 0.000000 0.000000 0.000000 0.000000 0.000000 0.000000 294.906560 3.517902 0.000000 3.517902 40.717860 14.071608 
533 0.000000 0.000000 0.000000 0.000000 0.000000 0.000000 295.081050 12.247510 0.000000 12.247510 48.448025 48.990041 
534 0.000000 0.000000 0.000000 0.000000 0.000000 0.000000 295.414062 13.029266 0.000000 13.029266 51.619003 52.117065 
535 0.000000 0.000000 0.000000 0.000000 0.000000 0.000000 295.250360 12.508096 0.000000 12.508096 41.282542 50.032382 
536 0.000000 0.000000 0.000000 0.000000 0.000000 0.000000 295.372097 10.944584 0.000000 10.944584 39.182031 43.778335 
537 0.000000 0.000000 0.000000 0.000000 0.000000 0.000000 295.766984 9.902242 0.000000 9.902242 40.177501 39.608969 
538 0.000000 0.000000 0.000000 0.000000 0.000000 0.000000 295.829378 7.947852 0.000000 7.947852 40.675235 31.791410 
539 0.000000 0.000000 0.000000 0.000000 0.000000 0.000000 296.393148 6.905511 0.000000 6.905511 40.177501 27.622044 
540 0.000000 0.000000 0.000000 0.000000 0.000000 0.000000 295.895112 6.123755 0.000000 6.123755 38.684296 24.495021 
541 0.000000 0.000000 0.000000 0.000000 0.000000 0.000000 296.200573 5.341999 0.000000 5.341999 38.186561 21.367997 
542 0.000000 0.000000 0.000000 0.000000 0.000000 0.000000 296.341643 6.123755 0.000000 6.123755 43.944811 24.495021 
543 0.000000 0.000000 0.000000 0.000000 0.000000 0.000000 296.511791 7.166096 0.000000 7.166096 61.340107 28.664386 
544 0.000000 0.000000 0.000000 0.000000 0.000000 0.000000 296.885547 9.511364 0.000000 9.511364 79.971964 38.045457 
545 2.397822 0.000000 0.239782 0.842685 3.480289 0.000000 297.050000 11.205169 0.000000 14.685458 90.413972 44.820676 
546 0.000000 0.000000 0.000000 0.000000 0.000000 0.000000 297.000260 10.683998 0.000000 10.683998 94.626519 42.735993 
547 11.116708 0.000000 1.111671 3.906830 16.135209 0.000000 297.050000 9.771950 0.000000 25.907159 93.321909 39.087799 
548 0.000000 0.000000 0.000000 0.000000 0.000000 0.000000 296.916261 7.947852 0.000000 7.947852 76.231729 31.791410 
549 0.000000 0.000000 0.000000 0.000000 0.000000 0.000000 296.346657 6.905511 0.000000 6.905511 54.164200 27.622044 
550 0.000000 0.000000 0.000000 0.000000 0.000000 0.000000 295.808441 3.778487 0.000000 3.778487 36.712381 15.113949 
551 0.000000 0.000000 0.000000 0.000000 0.000000 0.000000 295.391436 1.042341 0.000000 1.042341 25.682642 4.169365 
552 0.000000 0.000000 0.000000 0.000000 0.000000 0.000000 295.101058 0.521171 0.000000 0.521171 23.691703 2.084683 
553 0.000000 0.000000 0.000000 0.000000 0.000000 0.000000 294.947861 0.130293 0.000000 0.130293 22.696233 0.521171 
554 0.000000 0.000000 0.000000 0.000000 0.000000 0.000000 294.880142 0.130293 0.000000 0.130293 22.198498 0.521171 
555 0.000000 0.000000 0.000000 0.000000 0.000000 0.000000 294.935539 0.521171 0.000000 0.521171 28.081320 2.084683 
556 0.000000 0.000000 0.000000 0.000000 0.000000 0.000000 294.970439 3.517902 0.000000 3.517902 40.717860 14.071608 
557 0.000000 0.000000 0.000000 0.000000 0.000000 0.000000 295.343138 12.247510 0.000000 12.247510 48.448025 48.990041 
558 0.000000 0.000000 0.000000 0.000000 0.000000 0.000000 295.788845 13.029266 0.000000 13.029266 51.619003 52.117065 
559 0.000000 0.000000 0.000000 0.000000 0.000000 0.000000 296.126633 12.508096 0.000000 12.508096 41.282542 50.032382 
560 0.000000 0.000000 0.000000 0.000000 0.000000 0.000000 296.729095 10.944584 0.000000 10.944584 39.182031 43.778335 
561 19.651029 0.000000 1.965103 6.906112 28.522244 0.000000 297.050000 9.902242 0.000000 38.424486 40.177501 39.608969 
562 34.558063 0.000000 3.455806 12.145006 50.158875 0.000000 297.050000 7.947852 0.000000 58.106728 40.675235 31.791410 
563 63.982052 0.000000 6.398205 22.485705 92.865963 0.000000 297.050000 6.905511 0.000000 99.771474 40.177501 27.622044 
564 69.951123 0.000000 6.995112 24.583462 101.529697 0.000000 297.050000 6.123755 0.000000 107.653452 38.684296 24.495021 
565 71.278275 0.000000 7.127827 25.049873 103.455975 0.000000 297.050000 5.341999 0.000000 108.797974 38.186561 21.367997 
566 75.049402 0.000000 7.504940 26.375189 108.929531 0.000000 297.050000 6.123755 0.000000 115.053286 43.944811 24.495021 
567 85.598193 0.000000 8.559819 30.082432 124.240444 0.000000 297.050000 7.166096 0.000000 131.406540 61.340107 28.664386 
568 99.106393 0.000000 9.910639 34.829723 143.846756 0.000000 297.050000 9.511364 0.000000 153.358120 79.971964 38.045457 
569 103.297842 0.000000 10.329784 36.302756 149.930383 0.000000 297.050000 11.205169 0.000000 161.135552 90.413972 44.820676 
570 93.757816 0.000000 9.375782 32.950031 136.083628 0.000000 297.050000 10.683998 0.000000 146.767627 94.626519 42.735993 
571 93.571195 0.000000 9.357119 32.884446 135.812760 0.000000 297.050000 9.771950 0.000000 145.584710 93.321909 39.087799 
572 79.149682 0.000000 7.914968 27.816182 114.880832 0.000000 297.050000 7.947852 0.000000 122.828685 76.231729 31.791410 
573 49.266276 0.000000 4.926628 17.314027 71.506930 0.000000 297.050000 6.905511 0.000000 78.412441 54.164200 27.622044 
574 23.549680 0.000000 2.354968 8.276245 34.180894 0.000000 297.050000 3.778487 0.000000 37.959381 36.712381 15.113949 
575 5.026621 0.000000 0.502662 1.766544 7.295827 0.000000 297.050000 1.042341 0.000000 8.338169 25.682642 4.169365 
576 0.000000 0.000000 0.000000 0.000000 0.000000 0.000000 296.712891 0.521171 0.000000 0.521171 23.691703 2.084683 
577 0.000000 0.000000 0.000000 0.000000 0.000000 0.000000 296.508043 0.130293 0.000000 0.130293 22.696233 0.521171 
578 0.000000 0.000000 0.000000 0.000000 0.000000 0.000000 296.374756 0.130293 0.000000 0.130293 22.198498 0.521171 
579 0.000000 0.000000 0.000000 0.000000 0.000000 0.000000 296.325676 0.521171 0.000000 0.521171 28.081320 2.084683 
580 0.000000 0.000000 0.000000 0.000000 0.000000 0.000000 296.539836 3.517902 0.000000 3.517902 40.717860 14.071608 
581 0.000000 0.000000 0.000000 0.000000 0.000000 0.000000 296.468074 12.247510 0.000000 12.247510 48.448025 48.990041 
582 0.000000 0.000000 0.000000 0.000000 0.000000 0.000000 296.914202 13.029266 0.000000 13.029266 51.619003 52.117065 
583 4.861110 0.000000 0.486111 1.708377 7.055598 0.000000 297.050000 12.508096 0.000000 19.563694 41.282542 50.032382 
584 26.049646 0.000000 2.604965 9.154828 37.809438 0.000000 297.050000 10.944584 0.000000 48.754021 39.182031 43.778335 
585 46.363679 0.000000 4.636368 16.293945 67.293992 0.000000 297.050000 9.902242 0.000000 77.196235 40.177501 39.608969 
586 57.872356 0.000000 5.787236 20.338528 83.998119 0.000000 297.050000 7.947852 0.000000 91.945972 40.675235 31.791410 
587 76.910938 0.000000 7.691094 27.029403 111.631435 0.000000 297.050000 6.905511 0.000000 118.536946 40.177501 27.622044 
588 72.297821 0.000000 7.229782 25.408180 104.935784 0.000000 297.050000 6.123755 0.000000 111.059539 38.684296 24.495021 
589 92.302225 0.000000 9.230223 32.438482 133.970929 0.000000 297.050000 5.341999 0.000000 139.312929 38.186561 21.367997 
590 93.766037 0.000000 9.376604 32.952920 136.095561 0.000000 297.050000 6.123755 0.000000 142.219317 43.944811 24.495021 
591 87.766009 0.000000 8.776601 30.844284 127.386893 0.000000 297.050000 7.166096 0.000000 134.552990 61.340107 28.664386 
592 103.970641 0.000000 10.397064 36.539203 150.906907 0.000000 297.050000 9.511364 0.000000 160.418272 79.971964 38.045457 
593 98.324067 0.000000 9.832407 34.554784 142.711257 0.000000 297.050000 11.205169 0.000000 153.916426 90.413972 44.820676 
594 97.136442 0.000000 9.713644 34.137408 140.987494 0.000000 297.050000 10.683998 0.000000 151.671492 94.626519 42.735993 
595 93.967067 0.000000 9.396707 33.023570 136.387343 0.000000 297.050000 9.771950 0.000000 146.159293 93.321909 39.087799 
596 69.822189 0.000000 6.982219 24.538150 101.342558 0.000000 297.050000 7.947852 0.000000 109.290411 76.231729 31.791410 
597 37.526513 0.000000 3.752651 13.188232 54.467396 0.000000 297.050000 6.905511 0.000000 61.372907 54.164200 27.622044 
598 10.678000 0.000000 1.067800 3.752652 15.498452 0.000000 297.050000 3.778487 0.000000 19.276940 36.712381 15.113949 
599 0.000000 0.000000 0.000000 0.000000 0.000000 0.000000 296.868768 1.042341 0.000000 1.042341 25.682642 4.169365 
600 0.000000 0.000000 0.000000 0.000000 0.000000 0.000000 296.729317 0.521171 0.000000 0.521171 23.691703 2.084683 
601 0.000000 0.000000 0.000000 0.000000 0.000000 0.000000 296.584133 0.130293 0.000000 0.130293 22.696233 0.521171 
602 0.000000 0.000000 0.000000 0.000000 0.000000 0.000000 296.371734 0.130293 0.000000 0.130293 22.198498 0.521171 
603 0.000000 0.000000 0.000000 0.000000 0.000000 0.000000 296.269297 0.521171 0.000000 0.521171 28.081320 2.084683 
604 0.000000 0.000000 0.000000 0.000000 0.000000 0.000000 296.462321 3.517902 0.000000 3.517902 40.717860 14.071608 
605 0.000000 0.000000 0.000000 0.000000 0.000000 0.000000 296.305598 12.247510 0.000000 12.247510 48.448025 48.990041 
606 0.000000 0.000000 0.000000 0.000000 0.000000 0.000000 296.804834 13.029266 0.000000 13.029266 51.619003 52.117065 
607 0.000000 0.000000 0.000000 0.000000 0.000000 0.000000 296.898840 12.508096 0.000000 12.508096 41.282542 50.032382 
608 6.286290 0.000000 0.628629 2.209239 9.124158 0.000000 297.050000 10.944584 0.000000 20.068742 39.182031 43.778335 
609 22.998719 0.000000 2.299872 8.082617 33.381207 0.000000 297.050000 9.902242 0.000000 43.283450 40.177501 39.608969 
610 26.436647 0.000000 2.643665 9.290834 38.371146 0.000000 297.050000 7.947852 0.000000 46.318998 40.675235 31.791410 
611 30.943520 0.000000 3.094352 10.874720 44.912592 0.000000 297.050000 6.905511 0.000000 51.818103 40.177501 27.622044 
612 47.588733 0.000000 4.758873 16.724475 69.072082 0.000000 297.050000 6.123755 0.000000 75.195837 38.684296 24.495021 
613 47.419979 0.000000 4.741998 16.665168 68.827146 0.000000 297.050000 5.341999 0.000000 74.169145 38.186561 21.367997 
614 55.347740 0.000000 5.534774 19.451282 80.333797 0.000000 297.050000 6.123755 0.000000 86.457552 43.944811 24.495021 
615 57.223338 0.000000 5.722334 20.110438 83.056110 0.000000 297.050000 7.166096 0.000000 90.222206 61.340107 28.664386 
616 69.455556 0.000000 6.945556 24.409301 100.810412 0.000000 297.050000 9.511364 0.000000 110.321777 79.971964 38.045457 
617 79.565841 0.000000 7.956584 27.962436 115.484861 0.000000 297.050000 11.205169 0.000000 126.690030 90.413972 44.820676 
618 74.645773 0.000000 7.464577 26.233339 108.343688 0.000000 297.050000 10.683998 0.000000 119.027687 94.626519 42.735993 
619 64.806632 0.000000 6.480663 22.775494 94.062789 0.000000 297.050000 9.771950 0.000000 103.834739 93.321909 39.087799 
620 49.547865 0.000000 4.954786 17.412988 71.915639 0.000000 297.050000 7.947852 0.000000 79.863491 76.231729 31.791410 
621 21.476587 0.000000 2.147659 7.547682 31.171928 0.000000 297.050000 6.905511 0.000000 38.077439 54.164200 27.622044 
622 0.000000 0.000000 0.000000 0.000000 0.000000 0.000000 296.994136 3.778487 0.000000 3.778487 36.712381 15.113949 
623 0.000000 0.000000 0.000000 0.000000 0.000000 0.000000 296.554114 1.042341 0.000000 1.042341 25.682642 4.169365 
624 0.000000 0.000000 0.000000 0.000000 0.000000 0.000000 296.237847 0.521171 0.000000 0.521171 23.691703 2.084683 
625 0.000000 0.000000 0.000000 0.000000 0.000000 0.000000 296.079303 0.130293 0.000000 0.130293 22.696233 0.521171 
626 0.000000 0.000000 0.000000 0.000000 0.000000 0.000000 295.909653 0.130293 0.000000 0.130293 22.198498 0.521171 
627 0.000000 0.000000 0.000000 0.000000 0.000000 0.000000 295.882391 0.521171 0.000000 0.521171 28.081320 2.084683 
628 0.000000 0.000000 0.000000 0.000000 0.000000 0.000000 296.045170 3.517902 0.000000 3.517902 40.717860 14.071608 
629 0.000000 0.000000 0.000000 0.000000 0.000000 0.000000 296.279487 12.247510 0.000000 12.247510 48.448025 48.990041 
630 0.000000 0.000000 0.000000 0.000000 0.000000 0.000000 296.445219 13.029266 0.000000 13.029266 51.619003 52.117065 
631 0.000000 0.000000 0.000000 0.000000 0.000000 0.000000 296.115901 12.508096 0.000000 12.508096 41.282542 50.032382 
632 0.000000 0.000000 0.000000 0.000000 0.000000 0.000000 296.102955 10.944584 0.000000 10.944584 39.182031 43.778335 
633 0.000000 0.000000 0.000000 0.000000 0.000000 0.000000 296.337414 9.902242 0.000000 9.902242 40.177501 39.608969 
634 0.000000 0.000000 0.000000 0.000000 0.000000 0.000000 296.514787 7.947852 0.000000 7.947852 40.675235 31.791410 
635 2.142298 0.000000 0.214230 0.752884 3.109412 0.000000 297.050000 6.905511 0.000000 10.014923 40.177501 27.622044 
636 13.927607 0.000000 1.392761 4.894686 20.215054 0.000000 297.050000 6.123755 0.000000 26.338809 38.684296 24.495021 
637 31.730886 0.000000 3.173089 11.151430 46.055405 0.000000 297.050000 5.341999 0.000000 51.397404 38.186561 21.367997 
638 35.577917 0.000000 3.557792 12.503421 51.639131 0.000000 297.050000 6.123755 0.000000 57.762886 43.944811 24.495021 
639 45.111485 0.000000 4.511148 15.853876 65.476510 0.000000 297.050000 7.166096 0.000000 72.642606 61.340107 28.664386 
640 51.250999 0.000000 5.125100 18.011533 74.387632 0.000000 297.050000 9.511364 0.000000 83.898997 79.971964 38.045457 
641 57.706770 0.000000 5.770677 20.280334 83.757781 0.000000 297.050000 11.205169 0.000000 94.962950 90.413972 44.820676 
642 65.704005 0.000000 6.570401 23.090864 95.365270 0.000000 297.050000 10.683998 0.000000 106.049268 94.626519 42.735993 
643 53.829245 0.000000 5.382925 18.917626 78.129796 0.000000 297.050000 9.771950 0.000000 87.901746 93.321909 39.087799 
644 28.981306 0.000000 2.898131 10.185123 42.064560 0.000000 297.050000 7.947852 0.000000 50.012412 76.231729 31.791410 
645 0.000000 0.000000 0.000000 0.000000 0.000000 0.000000 296.956514 6.905511 0.000000 6.905511 54.164200 27.622044 
646 0.000000 0.000000 0.000000 0.000000 0.000000 0.000000 296.290224 3.778487 0.000000 3.778487 36.712381 15.113949 
647 0.000000 0.000000 0.000000 0.000000 0.000000 0.000000 295.726198 1.042341 0.000000 1.042341 25.682642 4.169365 
648 0.000000 0.000000 0.000000 0.000000 0.000000 0.000000 295.241237 0.521171 0.000000 0.521171 23.691703 2.084683 
649 0.000000 0.000000 0.000000 0.000000 0.000000 0.000000 294.953296 0.130293 0.000000 0.130293 22.696233 0.521171 
650 0.000000 0.000000 0.000000 0.000000 0.000000 0.000000 294.766756 0.130293 0.000000 0.130293 22.198498 0.521171 
651 0.000000 0.000000 0.000000 0.000000 0.000000 0.000000 294.783559 0.521171 0.000000 0.521171 28.081320 2.084683 
652 0.000000 0.000000 0.000000 0.000000 0.000000 0.000000 294.917019 3.517902 0.000000 3.517902 40.717860 14.071608 
653 0.000000 0.000000 0.000000 0.000000 0.000000 0.000000 295.043380 12.247510 0.000000 12.247510 48.448025 48.990041 
654 0.000000 0.000000 0.000000 0.000000 0.000000 0.000000 295.639247 13.029266 0.000000 13.029266 51.619003 52.117065 
655 0.000000 0.000000 0.000000 0.000000 0.000000 0.000000 296.080095 12.508096 0.000000 12.508096 41.282542 50.032382 
656 0.000000 0.000000 0.000000 0.000000 0.000000 0.000000 296.557142 10.944584 0.000000 10.944584 39.182031 43.778335 
657 4.188561 0.000000 0.418856 1.472018 6.079436 0.000000 297.050000 9.902242 0.000000 15.981678 40.177501 39.608969 
658 18.161590 0.000000 1.816159 6.382667 26.360416 0.000000 297.050000 7.947852 0.000000 34.308268 40.675235 31.791410 
659 22.996405 0.000000 2.299640 8.081804 33.377849 0.000000 297.050000 6.905511 0.000000 40.283360 40.177501 27.622044 
660 45.497794 0.000000 4.549779 15.989640 66.037213 0.000000 297.050000 6.123755 0.000000 72.160968 38.684296 24.495021 
661 39.230934 0.000000 3.923093 13.787229 56.941257 0.000000 297.050000 5.341999 0.000000 62.283256 38.186561 21.367997 
662 35.718958 0.000000 3.571896 12.552988 51.843842 0.000000 297.050000 6.123755 0.000000 57.967597 43.944811 24.495021 
663 45.767037 0.000000 4.576704 16.084262 66.428003 0.000000 297.050000 7.166096 0.000000 73.594100 61.340107 28.664386 
664 60.884907 0.000000 6.088491 21.397252 88.370650 0.000000 297.050000 9.511364 0.000000 97.882014 79.971964 38.045457 
665 68.013422 0.000000 6.801342 23.902480 98.717244 0.000000 297.050000 11.205169 0.000000 109.922413 90.413972 44.820676 
666 67.775231 0.000000 6.777523 23.818771 98.371525 0.000000 297.050000 10.683998 0.000000 109.055524 94.626519 42.735993 
667 63.070530 0.000000 6.307053 22.165362 91.542945 0.000000 297.050000 9.771950 0.000000 101.314895 93.321909 39.087799 
668 43.341430 0.000000 4.334143 15.231813 62.907386 0.000000 297.050000 7.947852 0.000000 70.855238 76.231729 31.791410 
669 19.450791 0.000000 1.945079 6.835741 28.231612 0.000000 297.050000 6.905511 0.000000 35.137123 54.164200 27.622044 
670 0.000000 0.000000 0.000000 0.000000 0.000000 0.000000 297.045819 3.778487 0.000000 3.778487 36.712381 15.113949 
671 0.000000 0.000000 0.000000 0.000000 0.000000 0.000000 296.636137 1.042341 0.000000 1.042341 25.682642 4.169365 
672 0.000000 0.000000 0.000000 0.000000 0.000000 0.000000 296.160609 0.521171 0.000000 0.521171 23.691703 2.084683 
673 0.000000 0.000000 0.000000 0.000000 0.000000 0.000000 295.801289 0.130293 0.000000 0.130293 22.696233 0.521171 
674 0.000000 0.000000 0.000000 0.000000 0.000000 0.000000 295.030112 0.130293 0.000000 0.130293 22.198498 0.521171 
675 0.000000 0.000000 0.000000 0.000000 0.000000 0.000000 294.819121 0.521171 0.000000 0.521171 28.081320 2.084683 
676 0.000000 0.000000 0.000000 0.000000 0.000000 0.000000 294.909847 3.517902 0.000000 3.517902 40.717860 14.071608 
677 0.000000 0.000000 0.000000 0.000000 0.000000 0.000000 295.060506 12.247510 0.000000 12.247510 48.448025 48.990041 
678 0.000000 0.000000 0.000000 0.000000 0.000000 0.000000 295.131933 13.029266 0.000000 13.029266 51.619003 52.117065 
679 0.000000 0.000000 0.000000 0.000000 0.000000 0.000000 294.839156 12.508096 0.000000 12.508096 41.282542 50.032382 
680 0.000000 0.000000 0.000000 0.000000 0.000000 0.000000 294.736329 10.944584 0.000000 10.944584 39.182031 43.778335 
681 0.000000 0.000000 0.000000 0.000000 0.000000 0.000000 295.012570 9.902242 0.000000 9.902242 40.177501 39.608969 
682 0.000000 0.000000 0.000000 0.000000 0.000000 0.000000 295.100007 7.947852 0.000000 7.947852 40.675235 31.791410 
683 0.000000 0.000000 0.000000 0.000000 0.000000 0.000000 295.006370 6.905511 0.000000 6.905511 40.177501 27.622044 
684 0.000000 0.000000 0.000000 0.000000 0.000000 0.000000 294.767742 6.123755 0.000000 6.123755 38.684296 24.495021 
685 0.000000 0.000000 0.000000 0.000000 0.000000 0.000000 294.758771 5.341999 0.000000 5.341999 38.186561 21.367997 
686 0.000000 0.000000 0.000000 0.000000 0.000000 0.000000 294.703767 6.123755 0.000000 6.123755 43.944811 24.495021 
687 0.000000 0.000000 0.000000 0.000000 0.000000 0.000000 295.043708 7.166096 0.000000 7.166096 61.340107 28.664386 
688 0.000000 0.000000 0.000000 0.000000 0.000000 0.000000 295.583997 9.511364 0.000000 9.511364 79.971964 38.045457 
689 0.000000 0.000000 0.000000 0.000000 0.000000 0.000000 295.989320 11.205169 0.000000 11.205169 90.413972 44.820676 
690 0.000000 0.000000 0.000000 0.000000 0.000000 0.000000 296.116165 10.683998 0.000000 10.683998 94.626519 42.735993 
691 0.000000 0.000000 0.000000 0.000000 0.000000 0.000000 296.179957 9.771950 0.000000 9.771950 93.321909 39.087799 
692 0.000000 0.000000 0.000000 0.000000 0.000000 0.000000 296.032217 7.947852 0.000000 7.947852 76.231729 31.791410 
693 0.000000 0.000000 0.000000 0.000000 0.000000 0.000000 295.392186 6.905511 0.000000 6.905511 54.164200 27.622044 
694 0.000000 0.000000 0.000000 0.000000 0.000000 0.000000 294.716959 3.778487 0.000000 3.778487 36.712381 15.113949 
695 0.000000 2.898121 0.000000 0.000000 0.724530 3.622651 294.250000 1.042341 0.000000 1.766872 25.682642 4.169365 
696 0.000000 14.112094 0.000000 0.000000 3.528024 17.640118 294.250000 0.521171 0.000000 4.049194 23.691703 2.084683 
697 0.000000 23.220138 0.000000 0.000000 5.805035 29.025173 294.250000 0.130293 0.000000 5.935327 22.696233 0.521171 
698 0.000000 29.181630 0.000000 0.000000 7.295408 36.477038 294.250000 0.130293 0.000000 7.425700 22.198498 0.521171 
699 0.000000 25.049579 0.000000 0.000000 6.262395 31.311974 294.250000 0.521171 0.000000 6.783565 28.081320 2.084683 
700 0.000000 27.894205 0.000000 0.000000 6.973551 34.867756 294.250000 3.517902 0.000000 10.491453 40.717860 14.071608 
701 0.000000 18.976168 0.000000 0.000000 4.744042 23.720209 294.250000 12.247510 0.000000 16.991552 48.448025 48.990041 
702 0.000000 9.756082 0.000000 0.000000 2.439020 12.195102 294.250000 13.029266 0.000000 15.468287 51.619003 52.117065 
703 0.000000 18.233199 0.000000 0.000000 4.558300 22.791499 294.250000 12.508096 0.000000 17.066395 41.282542 50.032382 
704 0.000000 8.290799 0.000000 0.000000 2.072700 10.363498 294.250000 10.944584 0.000000 13.017283 39.182031 43.778335 
705 0.000000 0.000000 0.000000 0.000000 0.000000 0.000000 294.513705 9.902242 0.000000 9.902242 40.177501 39.608969 
706 0.000000 0.000000 0.000000 0.000000 0.000000 0.000000 294.622320 7.947852 0.000000 7.947852 40.675235 31.791410 
707 0.000000 0.000000 0.000000 0.000000 0.000000 0.000000 295.079636 6.905511 0.000000 6.905511 40.177501 27.622044 
708 0.000000 0.000000 0.000000 0.000000 0.000000 0.000000 295.315851 6.123755 0.000000 6.123755 38.684296 24.495021 
709 0.000000 0.000000 0.000000 0.000000 0.000000 0.000000 295.775819 5.341999 0.000000 5.341999 38.186561 21.367997 
710 0.000000 0.000000 0.000000 0.000000 0.000000 0.000000 295.742960 6.123755 0.000000 6.123755 43.944811 24.495021 
711 0.000000 0.000000 0.000000 0.000000 0.000000 0.000000 295.976015 7.166096 0.000000 7.166096 61.340107 28.664386 
712 0.000000 0.000000 0.000000 0.000000 0.000000 0.000000 296.080916 9.511364 0.000000 9.511364 79.971964 38.045457 
713 0.000000 0.000000 0.000000 0.000000 0.000000 0.000000 296.113559 11.205169 0.000000 11.205169 90.413972 44.820676 
714 0.000000 0.000000 0.000000 0.000000 0.000000 0.000000 296.505925 10.683998 0.000000 10.683998 94.626519 42.735993 
715 0.000000 0.000000 0.000000 0.000000 0.000000 0.000000 296.512159 9.771950 0.000000 9.771950 93.321909 39.087799 
716 0.000000 0.000000 0.000000 0.000000 0.000000 0.000000 296.155779 7.947852 0.000000 7.947852 76.231729 31.791410 
717 0.000000 0.000000 0.000000 0.000000 0.000000 0.000000 295.531176 6.905511 0.000000 6.905511 54.164200 27.622044 
718 0.000000 0.000000 0.000000 0.000000 0.000000 0.000000 294.954697 3.778487 0.000000 3.778487 36.712381 15.113949 
719 0.000000 0.000000 0.000000 0.000000 0.000000 0.000000 294.515609 1.042341 0.000000 1.042341 25.682642 4.169365 
720 0.000000 6.519168 0.000000 0.000000 1.629792 8.148960 294.250000 0.521171 0.000000 2.150963 23.691703 2.084683 
721 0.000000 15.786772 0.000000 0.000000 3.946693 19.733465 294.250000 0.130293 0.000000 4.076986 22.696233 0.521171 
722 0.000000 19.670997 0.000000 0.000000 4.917749 24.588746 294.250000 0.130293 0.000000 5.048042 22.198498 0.521171 
723 0.000000 26.918854 0.000000 0.000000 6.729714 33.648568 294.250000 0.521171 0.000000 7.250884 28.081320 2.084683 
724 0.000000 13.883267 0.000000 0.000000 3.470817 17.354084 294.250000 3.517902 0.000000 6.988719 40.717860 14.071608 
725 0.000000 2.129090 0.000000 0.000000 0.532273 2.661363 294.250000 12.247510 0.000000 12.779783 48.448025 48.990041 
726 0.000000 0.000000 0.000000 0.000000 0.000000 0.000000 294.494032 13.029266 0.000000 13.029266 51.619003 52.117065 
727 0.000000 0.000000 0.000000 0.000000 0.000000 0.000000 294.382221 12.508096 0.000000 12.508096 41.282542 50.032382 
728 0.000000 0.000000 0.000000 0.000000 0.000000 0.000000 294.386688 10.944584 0.000000 10.944584 39.182031 43.778335 
729 0.000000 0.000000 0.000000 0.000000 0.000000 0.000000 294.356738 9.902242 0.000000 9.902242 40.177501 39.608969 
730 0.000000 4.323860 0.000000 0.000000 1.080965 5.404825 294.250000 7.947852 0.000000 9.028817 40.675235 31.791410 
731 0.000000 4.601300 0.000000 0.000000 1.150325 5.751624 294.250000 6.905511 0.000000 8.055836 40.177501 27.622044 
732 0.000000 14.239603 0.000000 0.000000 3.559901 17.799503 294.250000 6.123755 0.000000 9.683656 38.684296 24.495021 
733 0.000000 19.147924 0.000000 0.000000 4.786981 23.934904 294.250000 5.341999 0.000000 10.128980 38.186561 21.367997 
734 0.000000 17.910847 0.000000 0.000000 4.477712 22.388558 294.250000 6.123755 0.000000 10.601467 43.944811 24.495021 
735 0.000000 2.767892 0.000000 0.000000 0.691973 3.459865 294.250000 7.166096 0.000000 7.858069 61.340107 28.664386 
736 0.000000 0.000000 0.000000 0.000000 0.000000 0.000000 294.602790 9.511364 0.000000 9.511364 79.971964 38.045457 
737 0.000000 0.000000 0.000000 0.000000 0.000000 0.000000 294.979712 11.205169 0.000000 11.205169 90.413972 44.820676 
738 0.000000 0.000000 0.000000 0.000000 0.000000 0.000000 295.102169 10.683998 0.000000 10.683998 94.626519 42.735993 
739 0.000000 0.000000 0.000000 0.000000 0.000000 0.000000 295.099572 9.771950 0.000000 9.771950 93.321909 39.087799 
740 0.000000 0.000000 0.000000 0.000000 0.000000 0.000000 294.793037 7.947852 0.000000 7.947852 76.231729 31.791410 
741 0.000000 0.142807 0.000000 0.000000 0.035702 0.178509 294.250000 6.905511 0.000000 6.941213 54.164200 27.622044 
742 0.000000 13.599204 0.000000 0.000000 3.399801 16.999005 294.250000 3.778487 0.000000 7.178288 36.712381 15.113949 
743 0.000000 25.795898 0.000000 0.000000 6.448975 32.244873 294.250000 1.042341 0.000000 7.491316 25.682642 4.169365 
