#### 	 Vertical City Weather Generator (VCWG)  	 #### 
# Forcing parameters near surface or top of the domain based on user's choice 
# 0:time [hr] 1:T [K] 2:S [m s^-1] 3:RH [-] 4:q [kg kg^-1] 5:Pressure [Pa] 6:Rain [mm s^-1] 
0 291.333333 3.216667 0.704500 0.009300 99266.400000 0.000000 
1 290.700000 3.383333 0.720750 0.009100 99276.333333 0.000000 
2 289.641667 3.033333 0.755917 0.008900 99302.850000 0.000000 
3 289.183333 2.908333 0.784667 0.009000 99326.008333 0.000000 
4 289.241667 2.533333 0.816333 0.009400 99368.141667 0.000000 
5 289.708333 2.408333 0.799750 0.009500 99369.966667 0.000000 
6 290.850000 2.491667 0.752167 0.009600 99388.133333 0.000000 
7 291.591667 2.866667 0.714083 0.009500 99382.466667 0.000000 
8 292.383333 2.991667 0.683500 0.009600 99366.308333 0.000000 
9 293.183333 3.000000 0.649833 0.009600 99391.208333 0.000000 
10 293.891667 3.000000 0.617667 0.009500 99376.366667 0.000000 
11 294.500000 2.908333 0.588417 0.009400 99347.025000 0.000000 
12 295.008333 2.900000 0.544750 0.009000 99315.166667 0.000000 
13 295.141667 2.716667 0.528167 0.008800 99270.791667 0.000000 
14 295.333333 2.241667 0.518750 0.008700 99221.808333 0.000000 
15 295.625000 2.200000 0.507000 0.008700 99175.991667 0.000000 
16 295.558333 2.200000 0.514250 0.008800 99151.666667 0.000000 
17 295.091667 1.925000 0.527833 0.008800 99159.700000 0.000000 
18 294.591667 1.808333 0.535417 0.008600 99169.583333 0.000000 
19 294.275000 1.983333 0.548833 0.008700 99219.991667 0.000000 
20 294.158333 1.908333 0.560083 0.008800 99248.058333 0.000000 
21 293.966667 1.991667 0.574750 0.008900 99225.541667 0.000000 
22 293.766667 2.183333 0.593417 0.009100 99182.050000 0.000000 
23 293.383333 2.200000 0.610583 0.009100 99199.933333 0.000000 
24 290.508333 2.200000 0.751333 0.009400 99174.033333 0.000000 
25 290.616667 1.558333 0.757583 0.009500 99179.383333 0.000000 
26 290.466667 1.408333 0.760667 0.009500 99157.825000 0.000000 
27 290.358333 1.766667 0.764667 0.009500 99133.983333 0.000000 
28 290.625000 1.341667 0.784250 0.009900 99127.600000 0.000000 
29 291.108333 0.475000 0.793333 0.010300 99120.600000 0.000000 
30 292.250000 0.766667 0.718833 0.010000 99131.916667 0.000000 
31 293.725000 1.166667 0.652417 0.010000 99120.166667 0.000000 
32 295.225000 1.291667 0.596583 0.010000 99087.741667 0.000000 
33 296.725000 1.391667 0.548917 0.010100 99106.991667 0.000000 
34 298.041667 1.583333 0.508333 0.010100 99062.891667 0.000000 
35 299.158333 1.783333 0.474750 0.010100 98997.008333 0.000000 
36 299.066667 1.616667 0.500417 0.010600 98930.441667 0.000000 
37 299.416667 1.966667 0.504833 0.010900 98897.858333 0.000000 
38 299.908333 2.091667 0.490333 0.010900 98820.325000 0.000000 
39 300.500000 2.008333 0.467917 0.010800 98738.608333 0.000000 
40 300.825000 1.541667 0.482500 0.011400 98669.375000 0.000000 
41 300.575000 1.133333 0.508750 0.011800 98660.400000 0.000000 
42 299.908333 1.925000 0.522000 0.011600 98676.600000 0.000000 
43 298.841667 1.633333 0.543167 0.011400 98739.791667 0.000000 
44 297.833333 1.141667 0.576167 0.011400 98773.816667 0.000000 
45 296.558333 2.475000 0.629417 0.011500 98796.841667 0.000000 
46 295.350000 2.875000 0.665167 0.011300 98848.291667 0.000000 
47 294.333333 3.175000 0.694583 0.011100 98853.166667 0.000000 
48 294.066667 3.108333 0.668583 0.010500 98869.516667 0.000015 
49 293.683333 2.550000 0.671500 0.010300 98865.683333 0.000019 
50 292.183333 3.233333 0.705000 0.009800 98891.600000 0.000002 
51 291.225000 3.208333 0.714417 0.009400 98909.033333 0.000000 
52 290.783333 2.833333 0.733333 0.009300 98921.491667 0.000000 
53 291.025000 2.433333 0.765250 0.009900 98943.766667 0.000000 
54 291.141667 2.125000 0.789083 0.010300 98978.608333 0.000004 
55 290.875000 1.641667 0.821250 0.010500 98997.366667 0.000022 
56 290.758333 1.233333 0.833167 0.010600 99012.733333 0.000114 
57 291.391667 1.383333 0.790917 0.010500 99011.250000 0.000016 
58 292.458333 1.491667 0.733833 0.010400 99000.733333 0.000021 
59 293.558333 1.958333 0.673083 0.010200 98978.533333 0.000022 
60 293.558333 2.641667 0.706500 0.010700 98942.225000 0.000002 
61 293.550000 3.341667 0.706333 0.010700 98899.958333 0.000000 
62 293.458333 3.033333 0.702333 0.010600 98870.733333 0.000000 
63 293.450000 3.000000 0.689167 0.010400 98826.691667 0.000000 
64 292.991667 2.908333 0.699917 0.010300 98799.983333 0.000000 
65 292.308333 2.533333 0.712917 0.010000 98793.683333 0.000000 
66 291.608333 2.591667 0.731417 0.009800 98836.933333 0.000000 
67 291.000000 2.416667 0.739417 0.009600 98878.208333 0.000000 
68 290.583333 2.308333 0.750083 0.009400 98900.850000 0.000000 
69 290.550000 2.300000 0.759250 0.009500 98857.133333 0.000002 
70 290.366667 2.391667 0.768250 0.009500 98840.075000 0.000002 
71 290.075000 2.400000 0.776333 0.009500 98865.575000 0.000006 
72 289.958333 2.583333 0.746750 0.009000 98886.150000 0.000005 
73 289.491667 2.600000 0.766917 0.009000 98874.233333 0.000003 
74 288.991667 2.600000 0.785500 0.008900 98880.700000 0.000012 
75 288.491667 2.508333 0.804417 0.008900 98887.083333 0.000017 
76 288.450000 2.591667 0.798667 0.008800 98924.175000 0.000020 
77 288.725000 2.508333 0.777833 0.008700 98958.666667 0.000042 
78 289.208333 2.500000 0.750333 0.008600 99007.058333 0.000040 
79 289.433333 2.591667 0.746167 0.008700 99013.950000 0.000018 
80 290.000000 2.875000 0.711167 0.008600 99044.725000 0.000020 
81 290.325000 3.083333 0.688750 0.008500 99086.366667 0.000011 
82 290.808333 3.283333 0.656750 0.008400 99084.400000 0.000004 
83 291.400000 3.300000 0.619167 0.008200 99092.333333 0.000006 
84 291.633333 3.025000 0.602250 0.008100 99106.941667 0.000006 
85 292.200000 2.816667 0.576250 0.008000 99104.716667 0.000001 
86 292.433333 2.616667 0.565750 0.008000 99108.616667 0.000002 
87 292.450000 2.691667 0.582417 0.008200 99101.391667 0.000004 
88 292.358333 2.333333 0.596833 0.008400 99102.166667 0.000009 
89 292.075000 1.750000 0.615417 0.008500 99106.791667 0.000032 
90 291.775000 1.333333 0.632583 0.008600 99143.133333 0.000022 
91 291.566667 1.575000 0.648667 0.008700 99195.625000 0.000015 
92 291.183333 1.875000 0.672000 0.008800 99198.633333 0.000005 
93 290.783333 2.083333 0.690500 0.008800 99148.725000 0.000001 
94 290.566667 2.283333 0.704833 0.008800 99122.383333 0.000001 
95 290.366667 2.483333 0.713333 0.008800 99092.625000 0.000002 
96 290.350000 2.775000 0.738750 0.009200 99063.700000 0.000009 
97 290.075000 2.891667 0.772167 0.009400 99041.225000 0.000014 
98 289.958333 2.808333 0.765833 0.009300 99026.566667 0.000022 
99 289.766667 2.708333 0.766833 0.009200 98998.450000 0.000046 
100 289.566667 2.791667 0.779833 0.009200 99020.016667 0.000379 
101 289.550000 2.983333 0.791083 0.009300 99044.475000 0.000273 
102 289.550000 2.725000 0.803917 0.009500 99062.633333 0.000308 
103 289.458333 2.608333 0.828833 0.009700 99096.916667 0.000304 
104 289.450000 2.691667 0.838333 0.009800 99146.925000 0.000306 
105 289.541667 2.516667 0.859167 0.010100 99180.258333 0.000115 
106 290.008333 2.683333 0.890333 0.010800 99181.983333 0.000095 
107 289.958333 2.975000 0.810500 0.009800 99214.716667 0.000188 
108 290.225000 1.900000 0.845167 0.010400 99224.300000 0.000481 
109 290.983333 2.258333 0.783000 0.010100 99250.108333 0.000370 
110 291.233333 2.300000 0.794417 0.010400 99281.550000 0.000241 
111 290.975000 2.116667 0.789583 0.010200 99264.583333 0.000138 
112 290.766667 1.641667 0.789917 0.010000 99245.383333 0.000060 
113 290.475000 1.600000 0.780833 0.009700 99287.066667 0.000040 
114 290.266667 1.875000 0.752500 0.009300 99302.183333 0.000013 
115 289.975000 2.358333 0.733500 0.008800 99366.266667 0.000002 
116 289.400000 2.491667 0.738417 0.008600 99410.133333 0.000000 
117 288.708333 2.316667 0.751833 0.008400 99379.866667 0.000013 
118 288.008333 2.025000 0.771333 0.008200 99393.483333 0.000006 
119 287.308333 1.816667 0.792250 0.008000 99450.091667 0.000005 
120 287.616667 1.891667 0.755500 0.007800 99480.033333 0.000001 
121 286.916667 1.625000 0.775833 0.007700 99521.625000 0.000002 
122 286.391667 1.233333 0.805500 0.007700 99564.066667 0.000003 
123 286.075000 0.925000 0.830000 0.007800 99596.291667 0.000003 
124 285.866667 1.083333 0.847583 0.007800 99641.158333 0.000007 
125 286.125000 1.100000 0.827000 0.007700 99701.925000 0.000035 
126 286.700000 1.100000 0.772750 0.007500 99730.016667 0.000025 
127 287.483333 1.283333 0.710250 0.007300 99761.250000 0.000047 
128 288.100000 1.666667 0.676583 0.007200 99784.891667 0.000041 
129 288.700000 1.883333 0.645583 0.007100 99797.433333 0.000013 
130 289.300000 2.083333 0.612750 0.007000 99789.600000 0.000015 
131 289.808333 2.375000 0.584333 0.006900 99794.300000 0.000002 
132 290.491667 2.675000 0.552667 0.006800 99793.333333 0.000000 
133 290.550000 2.700000 0.534417 0.006600 99775.600000 0.000000 
134 290.916667 2.150000 0.512833 0.006500 99750.075000 0.000000 
135 290.950000 1.733333 0.506417 0.006500 99706.833333 0.000000 
136 290.858333 1.791667 0.517000 0.006600 99685.041667 0.000000 
137 290.666667 1.891667 0.532667 0.006700 99675.333333 0.000000 
138 290.466667 1.900000 0.552333 0.006800 99681.200000 0.000000 
139 290.175000 1.625000 0.569583 0.006900 99720.941667 0.000000 
140 289.875000 1.141667 0.588417 0.007000 99742.650000 0.000000 
141 289.483333 0.825000 0.614750 0.007100 99760.433333 0.000000 
142 289.083333 0.891667 0.650000 0.007400 99744.850000 0.000000 
143 288.683333 1.266667 0.682333 0.007500 99757.050000 0.000000 
144 287.366667 2.125000 0.755583 0.007700 99777.091667 0.000000 
145 287.066667 2.291667 0.781250 0.007800 99771.100000 0.000000 
146 286.958333 2.300000 0.797667 0.007900 99773.516667 0.000000 
147 286.858333 1.841667 0.810000 0.008000 99767.750000 0.000000 
148 286.666667 1.433333 0.826583 0.008000 99822.200000 0.000000 
149 286.650000 1.125000 0.805083 0.007800 99853.508333 0.000000 
150 287.291667 1.100000 0.771833 0.007800 99866.900000 0.000000 
151 288.266667 1.283333 0.728667 0.007800 99883.483333 0.000000 
152 289.450000 1.483333 0.655333 0.007600 99895.441667 0.000000 
153 290.283333 2.141667 0.614167 0.007500 99978.991667 0.000000 
154 290.900000 2.566667 0.600917 0.007600 99986.133333 0.000000 
155 291.500000 2.600000 0.581667 0.007700 99962.725000 0.000000 
156 292.100000 2.691667 0.538750 0.007400 99947.766667 0.000000 
157 292.700000 2.608333 0.518500 0.007400 99936.150000 0.000000 
158 293.025000 2.325000 0.505083 0.007300 99911.550000 0.000000 
159 293.141667 2.391667 0.502167 0.007300 99862.008333 0.000000 
160 292.966667 2.125000 0.513917 0.007400 99848.533333 0.000000 
161 292.583333 1.825000 0.535167 0.007600 99853.750000 0.000000 
162 292.183333 1.525000 0.551667 0.007600 99882.350000 0.000000 
163 292.058333 1.041667 0.562167 0.007700 99936.325000 0.000000 
164 291.866667 0.725000 0.573083 0.007700 99944.666667 0.000000 
165 291.575000 0.975000 0.588667 0.007800 99949.950000 0.000000 
166 291.183333 1.366667 0.610167 0.007900 99952.050000 0.000000 
167 290.783333 1.766667 0.635833 0.008000 99948.900000 0.000000 
168 289.283333 2.625000 0.712250 0.008200 99954.283333 0.000000 
169 288.783333 2.700000 0.741917 0.008200 99932.983333 0.000000 
170 288.566667 2.241667 0.753167 0.008200 99955.383333 0.000000 
171 288.550000 2.108333 0.754917 0.008300 99955.216667 0.000000 
172 288.550000 2.191667 0.778833 0.008500 99953.166667 0.000000 
173 288.550000 1.925000 0.759917 0.008300 99964.550000 0.000000 
174 289.558333 1.350000 0.694750 0.008100 99959.366667 0.000000 
175 290.566667 1.116667 0.655083 0.008100 99964.575000 0.000000 
176 291.658333 1.100000 0.618083 0.008200 99942.825000 0.000000 
177 292.666667 1.466667 0.583833 0.008300 99982.325000 0.000000 
178 293.575000 1.866667 0.556250 0.008400 99935.591667 0.000000 
179 294.291667 2.358333 0.529250 0.008300 99906.066667 0.000000 
180 294.991667 2.583333 0.504083 0.008300 99884.275000 0.000000 
181 295.233333 2.325000 0.496500 0.008300 99855.550000 0.000000 
182 295.525000 1.475000 0.481333 0.008200 99806.441667 0.000000 
183 295.916667 1.216667 0.470833 0.008200 99738.125000 0.000000 
184 295.950000 1.291667 0.476417 0.008300 99697.375000 0.000000 
185 295.675000 1.116667 0.481583 0.008200 99672.200000 0.000000 
186 295.375000 0.641667 0.490250 0.008200 99652.233333 0.000000 
187 294.983333 0.233333 0.501083 0.008200 99687.266667 0.000000 
188 294.491667 0.475000 0.519417 0.008300 99672.816667 0.000000 
189 293.900000 0.683333 0.544833 0.008400 99658.000000 0.000000 
190 293.300000 0.791667 0.577250 0.008500 99632.325000 0.000000 
191 292.700000 1.075000 0.611167 0.008700 99601.316667 0.000000 
192 290.541667 1.191667 0.734083 0.009200 99578.900000 0.000000 
193 290.075000 1.383333 0.762417 0.009200 99571.783333 0.000000 
194 289.683333 1.583333 0.775917 0.009200 99548.291667 0.000000 
195 289.100000 1.508333 0.804500 0.009200 99553.533333 0.000000 
196 288.500000 1.500000 0.847333 0.009300 99560.983333 0.000000 
197 288.633333 1.133333 0.856500 0.009500 99586.075000 0.000000 
198 289.750000 1.100000 0.792833 0.009400 99571.433333 0.000000 
199 290.950000 1.375000 0.752167 0.009600 99573.383333 0.000000 
200 291.691667 1.766667 0.717833 0.009600 99559.858333 0.000001 
201 292.391667 2.075000 0.677417 0.009500 99585.458333 0.000001 
202 293.183333 2.375000 0.621750 0.009100 99555.358333 0.000000 
203 293.800000 2.766667 0.575750 0.008800 99505.191667 0.000000 
204 293.758333 2.983333 0.510583 0.007800 99490.450000 0.000000 
205 294.300000 2.725000 0.460083 0.007300 99425.975000 0.000000 
206 294.625000 2.333333 0.429417 0.006900 99374.641667 0.000000 
207 294.833333 2.208333 0.422417 0.006900 99314.583333 0.000000 
208 294.758333 2.016667 0.442167 0.007200 99256.975000 0.000000 
209 294.291667 1.908333 0.457750 0.007200 99226.075000 0.000000 
210 293.791667 1.900000 0.480083 0.007400 99226.633333 0.000000 
211 293.108333 1.716667 0.511333 0.007500 99259.075000 0.000000 
212 292.316667 1.516667 0.544250 0.007600 99266.400000 0.000000 
213 291.516667 1.225000 0.581833 0.007700 99169.633333 0.000000 
214 290.716667 1.016667 0.632667 0.008000 99155.483333 0.000000 
215 289.733333 1.091667 0.690167 0.008200 99136.483333 0.000000 
216 288.825000 1.375000 0.777500 0.008700 99149.100000 0.000000 
217 288.016667 1.583333 0.823500 0.008800 99165.800000 0.000000 
218 287.491667 1.416667 0.849917 0.008800 99180.308333 0.000001 
219 287.083333 1.400000 0.870333 0.008700 99193.600000 0.000002 
220 286.683333 1.400000 0.895833 0.008800 99240.991667 0.000017 
221 286.833333 1.858333 0.863167 0.008500 99284.250000 0.000017 
222 287.583333 2.541667 0.786667 0.008100 99311.358333 0.000010 
223 288.566667 3.425000 0.664500 0.007300 99341.183333 0.000003 
224 289.108333 4.325000 0.554083 0.006300 99376.975000 0.000000 
225 289.516667 4.858333 0.460667 0.005400 99426.200000 0.000000 
226 289.916667 5.816667 0.408083 0.004900 99429.666667 0.000000 
227 290.133333 5.991667 0.392083 0.004800 99489.641667 0.000000 
228 289.966667 5.816667 0.426750 0.005100 99503.441667 0.000000 
229 290.866667 4.883333 0.410750 0.005200 99537.933333 0.000000 
230 291.408333 4.158333 0.397083 0.005200 99555.483333 0.000000 
231 291.633333 3.458333 0.392333 0.005200 99586.408333 0.000000 
232 291.558333 2.666667 0.398417 0.005300 99606.516667 0.000000 
233 291.275000 1.866667 0.422833 0.005500 99622.216667 0.000000 
234 290.608333 1.891667 0.444250 0.005500 99679.875000 0.000000 
235 289.816667 2.358333 0.484500 0.005700 99760.900000 0.000000 
236 289.016667 2.583333 0.535667 0.006000 99824.083333 0.000000 
237 288.400000 2.600000 0.582167 0.006300 99920.866667 0.000000 
238 287.983333 2.600000 0.617167 0.006500 99975.125000 0.000000 
239 287.766667 2.325000 0.642000 0.006700 100017.800000 0.000000 
240 286.558333 2.575000 0.719167 0.006900 100047.058333 0.000000 
241 286.541667 2.600000 0.724167 0.006900 100076.166667 0.000000 
242 286.641667 2.233333 0.720333 0.007000 100070.716667 0.000000 
243 286.650000 1.741667 0.717250 0.006900 100086.683333 0.000000 
244 286.558333 1.516667 0.722500 0.006900 100112.125000 0.000000 
245 286.366667 0.950000 0.719333 0.006800 100131.716667 0.000000 
246 287.541667 0.625000 0.643833 0.006600 100177.391667 0.000000 
247 288.658333 0.416667 0.592083 0.006500 100174.800000 0.000000 
248 289.850000 0.766667 0.546750 0.006500 100162.833333 0.000000 
249 290.866667 1.258333 0.506333 0.006400 100228.625000 0.000000 
250 291.958333 1.666667 0.468167 0.006300 100195.008333 0.000000 
251 292.783333 2.341667 0.440250 0.006300 100165.183333 0.000000 
252 293.583333 2.400000 0.416000 0.006200 100144.558333 0.000000 
253 294.016667 2.400000 0.400250 0.006200 100110.633333 0.000000 
254 294.233333 2.308333 0.390750 0.006100 100068.925000 0.000000 
255 294.250000 2.208333 0.391833 0.006100 100015.991667 0.000000 
256 294.158333 2.016667 0.420417 0.006500 99960.441667 0.000000 
257 293.966667 1.908333 0.476167 0.007300 99932.883333 0.000000 
258 293.766667 1.991667 0.490167 0.007400 99908.616667 0.000000 
259 293.566667 2.091667 0.508417 0.007600 99951.150000 0.000000 
260 293.458333 2.191667 0.528333 0.007900 99948.600000 0.000000 
261 293.450000 2.200000 0.546500 0.008100 99918.483333 0.000000 
262 293.358333 2.016667 0.559000 0.008300 99912.133333 0.000000 
263 293.166667 1.816667 0.570083 0.008300 99901.991667 0.000000 
264 291.041667 1.800000 0.639750 0.008200 99906.875000 0.000000 
265 290.850000 1.250000 0.648750 0.008200 99890.808333 0.000000 
266 290.666667 1.016667 0.660000 0.008300 99877.566667 0.000000 
267 290.558333 0.908333 0.668333 0.008300 99907.758333 0.000000 
268 290.550000 0.900000 0.682750 0.008500 99933.516667 0.000000 
269 290.641667 0.716667 0.691333 0.008600 99941.466667 0.000000 
270 291.475000 0.700000 0.611333 0.008100 99958.408333 0.000000 
271 292.558333 1.158333 0.558167 0.007900 99936.708333 0.000000 
272 293.658333 1.475000 0.522833 0.007900 99931.666667 0.000000 
273 294.575000 1.775000 0.487000 0.007800 99986.491667 0.000000 
274 295.383333 2.075000 0.449167 0.007500 99964.275000 0.000000 
275 296.091667 2.466667 0.414833 0.007300 99946.583333 0.000000 
276 296.333333 2.133333 0.367083 0.006500 99913.483333 0.000000 
277 296.991667 2.100000 0.324500 0.006000 99880.075000 0.000000 
278 297.416667 2.100000 0.294417 0.005600 99842.283333 0.000000 
279 297.725000 1.733333 0.279167 0.005400 99791.708333 0.000000 
280 297.750000 1.241667 0.278917 0.005400 99748.625000 0.000000 
281 297.566667 1.108333 0.276250 0.005300 99698.441667 0.000000 
282 297.275000 1.283333 0.291583 0.005500 99693.833333 0.000000 
283 296.975000 1.483333 0.307667 0.005700 99703.791667 0.000000 
284 296.583333 1.775000 0.331000 0.006000 99689.758333 0.000000 
285 296.091667 2.075000 0.369667 0.006500 99651.366667 0.000000 
286 295.408333 2.283333 0.415167 0.007000 99631.775000 0.000000 
287 294.616667 2.483333 0.452000 0.007300 99631.675000 0.000000 
288 292.441667 2.591667 0.534750 0.007500 99617.775000 0.000000 
289 291.516667 2.600000 0.561250 0.007400 99596.883333 0.000000 
290 290.716667 2.600000 0.586833 0.007400 99583.183333 0.000000 
291 290.191667 2.600000 0.624750 0.007600 99583.750000 0.000000 
292 289.966667 2.691667 0.671083 0.008100 99571.525000 0.000000 
293 290.041667 2.241667 0.654833 0.007900 99573.425000 0.000000 
294 290.966667 1.925000 0.607167 0.007800 99554.358333 0.000000 
295 291.966667 1.716667 0.563583 0.007700 99557.183333 0.000000 
296 292.875000 1.791667 0.524250 0.007600 99542.383333 0.000000 
297 293.775000 1.983333 0.485250 0.007400 99636.150000 0.000000 
298 294.491667 2.275000 0.449000 0.007200 99599.425000 0.000000 
299 295.100000 2.208333 0.415750 0.006900 99566.975000 0.000000 
300 295.058333 2.658333 0.405667 0.006700 99520.950000 0.000000 
301 295.233333 2.516667 0.392167 0.006500 99464.841667 0.000000 
302 295.708333 2.316667 0.374500 0.006400 99408.125000 0.000000 
303 295.933333 2.025000 0.368417 0.006400 99341.525000 0.000000 
304 295.766667 1.816667 0.380833 0.006600 99288.325000 0.000000 
305 295.291667 2.166667 0.404000 0.006800 99260.716667 0.000000 
306 294.333333 2.566667 0.445417 0.007000 99244.850000 0.000000 
307 293.150000 2.600000 0.499417 0.007300 99299.516667 0.000000 
308 292.041667 2.508333 0.554417 0.007600 99322.841667 0.000000 
309 291.308333 2.591667 0.602083 0.007900 99288.475000 0.000000 
310 290.883333 2.783333 0.637167 0.008100 99329.291667 0.000000 
311 290.391667 2.708333 0.670250 0.008300 99320.466667 0.000000 
312 289.341667 2.516667 0.719750 0.008300 99336.350000 0.000000 
313 288.608333 2.408333 0.764333 0.008400 99349.633333 0.000000 
314 288.000000 2.308333 0.795500 0.008500 99357.483333 0.000000 
315 287.675000 2.300000 0.820000 0.008500 99335.733333 0.000000 
316 287.558333 2.208333 0.818333 0.008400 99362.300000 0.000000 
317 288.100000 1.925000 0.758417 0.008100 99391.025000 0.000000 
318 288.975000 1.900000 0.695250 0.007900 99385.700000 0.000000 
319 290.058333 1.625000 0.637750 0.007700 99397.100000 0.000000 
320 291.066667 1.691667 0.590833 0.007600 99402.600000 0.000000 
321 292.158333 2.066667 0.548500 0.007600 99437.008333 0.000000 
322 292.983333 2.375000 0.517500 0.007500 99415.808333 0.000000 
323 293.600000 2.400000 0.487500 0.007400 99415.800000 0.000000 
324 293.833333 2.675000 0.460250 0.007100 99373.283333 0.000000 
325 294.125000 2.608333 0.438750 0.006800 99345.475000 0.000000 
326 294.058333 1.958333 0.435167 0.006800 99285.641667 0.000000 
327 293.958333 1.166667 0.457917 0.007100 99251.800000 0.000000 
328 294.041667 1.100000 0.461833 0.007200 99190.258333 0.000000 
329 293.775000 1.466667 0.460167 0.007000 99175.550000 0.000000 
330 293.475000 1.041667 0.460000 0.006900 99168.466667 0.000000 
331 293.266667 1.366667 0.466417 0.006900 99207.683333 0.000000 
332 292.883333 1.583333 0.495417 0.007200 99229.266667 0.000000 
333 292.391667 1.508333 0.530083 0.007400 99266.375000 0.000000 
334 291.800000 1.408333 0.562333 0.007600 99254.750000 0.000000 
335 291.383333 1.675000 0.593417 0.007800 99254.133333 0.000000 
336 288.966667 2.525000 0.701417 0.007900 99254.566667 0.000000 
337 288.841667 2.416667 0.724750 0.008100 99263.583333 0.000000 
338 288.758333 2.400000 0.737917 0.008200 99262.383333 0.000000 
339 288.566667 2.033333 0.743583 0.008200 99266.600000 0.000000 
340 288.275000 1.358333 0.752250 0.008100 99293.583333 0.000000 
341 288.433333 0.933333 0.700750 0.007700 99344.125000 0.000000 
342 289.458333 0.808333 0.609833 0.007100 99366.741667 0.000000 
343 290.650000 0.708333 0.551583 0.006900 99387.100000 0.000000 
344 291.850000 0.975000 0.517667 0.007000 99392.466667 0.000000 
345 292.775000 1.641667 0.490250 0.007000 99443.125000 0.000000 
346 293.583333 1.975000 0.460500 0.006900 99422.491667 0.000000 
347 294.291667 2.183333 0.427750 0.006700 99423.133333 0.000000 
348 294.350000 2.200000 0.394750 0.006200 99410.383333 0.000000 
349 294.991667 2.108333 0.354417 0.005800 99406.266667 0.000000 
350 295.325000 2.283333 0.329917 0.005500 99374.466667 0.000000 
351 295.350000 2.025000 0.323417 0.005400 99347.858333 0.000000 
352 295.350000 1.175000 0.324833 0.005500 99320.766667 0.000000 
353 295.075000 0.825000 0.321333 0.005300 99340.866667 0.000000 
354 294.775000 0.891667 0.329250 0.005300 99361.966667 0.000000 
355 294.383333 1.083333 0.341000 0.005400 99421.358333 0.000000 
356 293.891667 1.100000 0.356667 0.005500 99469.225000 0.000000 
357 293.483333 1.191667 0.396500 0.005900 99429.191667 0.000000 
358 293.083333 1.475000 0.448583 0.006600 99453.525000 0.000000 
359 292.683333 1.683333 0.497000 0.007100 99487.633333 0.000000 
360 290.083333 2.158333 0.604583 0.007300 99496.366667 0.000000 
361 289.941667 2.016667 0.638750 0.007700 99524.125000 0.000000 
362 289.766667 1.908333 0.660250 0.007800 99544.750000 0.000000 
363 289.383333 1.808333 0.689500 0.008000 99566.383333 0.000000 
364 288.983333 1.525000 0.726833 0.008200 99624.025000 0.000000 
365 288.858333 1.316667 0.614500 0.006900 99694.641667 0.000000 
366 289.675000 1.391667 0.558167 0.006600 99728.741667 0.000000 
367 290.666667 1.675000 0.518250 0.006500 99762.741667 0.000000 
368 291.575000 1.883333 0.485667 0.006400 99780.266667 0.000000 
369 292.475000 2.083333 0.461000 0.006500 99853.741667 0.000000 
370 293.191667 2.375000 0.438833 0.006400 99830.508333 0.000000 
371 293.891667 2.583333 0.416833 0.006400 99826.883333 0.000000 
372 294.041667 2.691667 0.388417 0.006000 99784.083333 0.000000 
373 294.508333 2.975000 0.370417 0.005900 99767.550000 0.000000 
374 294.733333 3.091667 0.359833 0.005800 99733.125000 0.000000 
375 294.750000 2.916667 0.356250 0.005800 99714.333333 0.000000 
376 294.566667 2.533333 0.366083 0.005800 99671.558333 0.000000 
377 294.183333 2.316667 0.389917 0.006100 99681.000000 0.000000 
378 293.783333 2.025000 0.411250 0.006300 99682.750000 0.000000 
379 293.200000 2.183333 0.439583 0.006500 99724.325000 0.000000 
380 292.416667 2.383333 0.479583 0.006700 99753.583333 0.000000 
381 291.708333 2.675000 0.523333 0.007000 99710.433333 0.000000 
382 291.008333 2.883333 0.561833 0.007200 99718.950000 0.000000 
383 290.308333 2.900000 0.600750 0.007400 99718.083333 0.000000 
384 288.325000 2.991667 0.687417 0.007400 99726.150000 0.000000 
385 287.966667 3.091667 0.726167 0.007700 99701.141667 0.000000 
386 287.583333 3.008333 0.751000 0.007700 99695.225000 0.000000 
387 287.091667 2.633333 0.776833 0.007800 99697.741667 0.000000 
388 286.775000 2.141667 0.785417 0.007700 99718.441667 0.000000 
389 287.208333 1.916667 0.712667 0.007200 99748.533333 0.000000 
390 288.166667 1.900000 0.651917 0.007000 99728.183333 0.000000 
391 289.075000 1.991667 0.606667 0.006900 99720.416667 0.000000 
392 289.975000 2.183333 0.570000 0.006800 99713.116667 0.000000 
393 290.783333 2.475000 0.538583 0.006800 99767.225000 0.000000 
394 291.491667 2.683333 0.512167 0.006800 99730.125000 0.000000 
395 292.100000 2.883333 0.484333 0.006600 99700.541667 0.000000 
396 291.050000 2.991667 0.471000 0.006000 99662.633333 0.000000 
397 291.316667 2.541667 0.456250 0.006000 99620.441667 0.000000 
398 291.991667 2.133333 0.437583 0.006000 99572.258333 0.000000 
399 292.416667 2.191667 0.426833 0.006000 99507.425000 0.000000 
400 292.358333 2.108333 0.437917 0.006100 99428.841667 0.000000 
401 291.891667 2.283333 0.469250 0.006400 99425.500000 0.000000 
402 291.116667 2.666667 0.507750 0.006600 99426.166667 0.000000 
403 290.316667 2.700000 0.554083 0.006800 99471.391667 0.000000 
404 289.516667 2.608333 0.602917 0.007000 99484.116667 0.000000 
405 288.900000 2.508333 0.645500 0.007300 99461.066667 0.000000 
406 288.391667 2.591667 0.683833 0.007400 99495.933333 0.000000 
407 287.983333 2.691667 0.725500 0.007700 99482.250000 0.000000 
408 287.033333 2.700000 0.807833 0.008100 99477.033333 0.000000 
409 286.491667 2.516667 0.839750 0.008100 99482.933333 0.000000 
410 286.083333 2.408333 0.868583 0.008100 99487.900000 0.000000 
411 285.775000 2.400000 0.888417 0.008200 99498.841667 0.000000 
412 285.566667 2.125000 0.892750 0.008100 99527.116667 0.000000 
413 286.283333 2.283333 0.819667 0.007800 99561.866667 0.000000 
414 287.175000 2.391667 0.762583 0.007700 99594.591667 0.000000 
415 287.891667 2.400000 0.725917 0.007600 99615.450000 0.000000 
416 288.316667 2.400000 0.712000 0.007700 99643.408333 0.000000 
417 288.991667 2.400000 0.684417 0.007700 99674.033333 0.000006 
418 289.233333 2.491667 0.667333 0.007600 99678.616667 0.000013 
419 289.800000 2.591667 0.638500 0.007600 99684.850000 0.000008 
420 290.216667 3.058333 0.631417 0.007700 99690.900000 0.000003 
421 290.433333 3.375000 0.631000 0.007800 99646.116667 0.000000 
422 290.175000 3.308333 0.644750 0.007800 99616.241667 0.000000 
423 290.150000 2.933333 0.646000 0.007900 99570.816667 0.000000 
424 290.058333 2.625000 0.650583 0.007900 99532.158333 0.000000 
425 289.775000 2.508333 0.667500 0.007900 99522.216667 0.000001 
426 289.291667 2.683333 0.695583 0.008000 99521.600000 0.000000 
427 288.883333 2.700000 0.729167 0.008200 99533.883333 0.000000 
428 288.483333 2.425000 0.754000 0.008200 99557.550000 0.000001 
429 288.175000 2.125000 0.772500 0.008300 99545.483333 0.000001 
430 287.966667 2.100000 0.788667 0.008300 99571.058333 0.000000 
431 287.950000 2.191667 0.800083 0.008500 99515.475000 0.000000 
432 287.858333 2.291667 0.813833 0.008600 99512.216667 0.000000 
433 287.666667 2.116667 0.829667 0.008600 99474.175000 0.000000 
434 287.191667 1.825000 0.845667 0.008500 99474.183333 0.000000 
435 286.783333 1.708333 0.878167 0.008600 99462.766667 0.000000 
436 286.566667 1.516667 0.875500 0.008500 99457.666667 0.000000 
437 286.916667 1.408333 0.840167 0.008300 99473.616667 0.000000 
438 287.775000 1.400000 0.777417 0.008100 99491.966667 0.000000 
439 288.766667 1.491667 0.721583 0.008000 99487.633333 0.000001 
440 289.675000 1.591667 0.675750 0.008000 99471.333333 0.000001 
441 290.391667 1.600000 0.640833 0.007900 99474.850000 0.000005 
442 291.275000 1.600000 0.590333 0.007700 99440.925000 0.000002 
443 292.358333 1.966667 0.526417 0.007400 99400.033333 0.000000 
444 292.908333 2.733333 0.522833 0.007600 99345.541667 0.000000 
445 293.316667 3.075000 0.521167 0.007700 99314.500000 0.000000 
446 293.441667 3.100000 0.524667 0.007900 99270.941667 0.000000 
447 293.450000 2.916667 0.533250 0.008000 99220.358333 0.000000 
448 293.358333 2.350000 0.541333 0.008100 99193.550000 0.000000 
449 293.075000 1.750000 0.556667 0.008200 99192.783333 0.000000 
450 292.683333 1.608333 0.572667 0.008200 99195.466667 0.000000 
451 292.283333 1.508333 0.594167 0.008300 99204.683333 0.000000 
452 291.700000 1.500000 0.624417 0.008400 99213.566667 0.000000 
453 291.100000 1.683333 0.657250 0.008500 99173.875000 0.000000 
454 290.683333 2.158333 0.684750 0.008600 99173.591667 0.000000 
455 290.283333 2.383333 0.711750 0.008800 99162.808333 0.000000 
456 289.058333 2.675000 0.779083 0.008900 99151.533333 0.000000 
457 288.583333 2.700000 0.816167 0.009000 99168.750000 0.000000 
458 288.091667 2.425000 0.819000 0.008800 99171.133333 0.000000 
459 287.591667 2.216667 0.828167 0.008600 99169.366667 0.000000 
460 287.183333 1.833333 0.867500 0.008800 99200.825000 0.000000 
461 287.333333 1.616667 0.856333 0.008700 99236.883333 0.000000 
462 288.541667 1.691667 0.773417 0.008500 99269.875000 0.000000 
463 289.933333 1.791667 0.700000 0.008400 99284.883333 0.000000 
464 291.150000 2.075000 0.648167 0.008400 99261.616667 0.000000 
465 292.166667 2.283333 0.602750 0.008300 99299.000000 0.000000 
466 293.075000 2.483333 0.562333 0.008200 99256.033333 0.000000 
467 293.883333 2.500000 0.523250 0.008100 99218.708333 0.000000 
468 295.233333 2.683333 0.474167 0.007900 99193.516667 0.000000 
469 295.625000 2.700000 0.459000 0.007900 99175.366667 0.000000 
470 295.925000 2.425000 0.445167 0.007800 99154.925000 0.000000 
471 296.041667 2.400000 0.436667 0.007700 99112.133333 0.000000 
472 295.775000 2.400000 0.440583 0.007600 99083.191667 0.000000 
473 295.200000 2.125000 0.462083 0.007700 99070.633333 0.000000 
474 294.508333 1.733333 0.476833 0.007600 99101.966667 0.000000 
475 293.900000 1.883333 0.504583 0.007800 99171.816667 0.000000 
476 293.116667 2.083333 0.548250 0.008100 99173.225000 0.000000 
477 292.225000 2.375000 0.595083 0.008300 99097.541667 0.000000 
478 291.325000 2.675000 0.638417 0.008400 99094.000000 0.000000 
479 290.608333 2.700000 0.683250 0.008600 99128.491667 0.000000 
480 289.358333 2.883333 0.755750 0.008800 99160.016667 0.000000 
481 288.608333 2.900000 0.804167 0.008900 99194.958333 0.000000 
482 288.091667 2.808333 0.837333 0.009000 99208.350000 0.000000 
483 287.500000 2.708333 0.868417 0.008900 99236.891667 0.000000 
484 287.450000 2.608333 0.861833 0.008800 99279.550000 0.000000 
485 288.000000 2.508333 0.811500 0.008600 99313.541667 0.000000 
486 289.058333 2.316667 0.736417 0.008400 99359.383333 0.000000 
487 289.791667 2.116667 0.694250 0.008300 99382.458333 0.000000 
488 290.675000 2.191667 0.652500 0.008200 99407.116667 0.000000 
489 291.850000 2.383333 0.605000 0.008200 99403.150000 0.000000 
490 292.500000 2.675000 0.578083 0.008200 99362.541667 0.000000 
491 293.191667 2.700000 0.546667 0.008100 99352.300000 0.000000 
492 293.525000 2.791667 0.535750 0.008100 99302.841667 0.000000 
493 293.916667 2.616667 0.523083 0.008100 99283.550000 0.000000 
494 294.225000 2.325000 0.511000 0.008000 99246.633333 0.000000 
495 294.250000 2.391667 0.505417 0.008000 99206.641667 0.000000 
496 294.066667 2.125000 0.509583 0.007900 99165.075000 0.000000 
497 293.591667 1.916667 0.527417 0.008000 99143.450000 0.000000 
498 292.908333 2.083333 0.552833 0.008000 99164.716667 0.000000 
499 292.025000 2.191667 0.593500 0.008200 99217.491667 0.000000 
500 291.125000 2.200000 0.640083 0.008300 99223.200000 0.000000 
501 290.408333 2.291667 0.685250 0.008500 99164.908333 0.000000 
502 289.800000 2.391667 0.722917 0.008600 99167.483333 0.000000 
503 289.383333 2.400000 0.752583 0.008800 99176.175000 0.000000 
504 288.341667 2.583333 0.792583 0.008600 99189.916667 0.000000 
505 287.883333 2.600000 0.818917 0.008600 99218.416667 0.000000 
506 287.300000 2.691667 0.868667 0.008800 99234.833333 0.000000 
507 286.791667 2.700000 0.905083 0.008900 99259.658333 0.000000 
508 286.383333 2.516667 0.901583 0.008600 99294.800000 0.000000 
509 286.716667 2.683333 0.856083 0.008400 99349.408333 0.000000 
510 287.575000 2.700000 0.798833 0.008300 99376.741667 0.000000 
511 288.291667 2.608333 0.756417 0.008200 99405.750000 0.000000 
512 288.900000 2.416667 0.731917 0.008200 99423.416667 0.000000 
513 289.866667 2.400000 0.669500 0.008000 99466.508333 0.000002 
514 290.408333 3.041667 0.638333 0.007900 99444.450000 0.000009 
515 290.450000 4.200000 0.625917 0.007800 99460.616667 0.000010 
516 289.533333 3.841667 0.647000 0.007600 99495.850000 0.000001 
517 289.450000 3.800000 0.655417 0.007600 99516.041667 0.000000 
518 289.358333 3.525000 0.660583 0.007600 99530.800000 0.000000 
519 289.533333 3.408333 0.656417 0.007700 99535.116667 0.000000 
520 289.458333 3.491667 0.660583 0.007700 99519.083333 0.000000 
521 289.083333 3.591667 0.676583 0.007700 99536.850000 0.000003 
522 288.500000 3.600000 0.699083 0.007700 99559.133333 0.000001 
523 287.991667 3.233333 0.723917 0.007700 99607.658333 0.000000 
524 287.491667 2.833333 0.742500 0.007600 99615.750000 0.000001 
525 287.083333 2.616667 0.771500 0.007700 99621.600000 0.000002 
526 286.775000 2.691667 0.780417 0.007600 99643.641667 0.000002 
527 286.475000 2.791667 0.791083 0.007600 99656.966667 0.000001 
528 286.450000 2.983333 0.772750 0.007400 99652.500000 0.000002 
529 286.175000 2.725000 0.776500 0.007300 99687.933333 0.000001 
530 286.058333 2.608333 0.790750 0.007400 99710.541667 0.000001 
531 285.775000 2.416667 0.801167 0.007300 99746.950000 0.000002 
532 285.750000 2.216667 0.788250 0.007200 99764.766667 0.000002 
533 285.750000 2.383333 0.767750 0.007000 99806.341667 0.000002 
534 286.025000 2.491667 0.745833 0.006900 99825.675000 0.000002 
535 286.416667 2.225000 0.718333 0.006800 99865.600000 0.000002 
536 287.000000 2.200000 0.693083 0.006900 99882.666667 0.000003 
537 287.600000 1.833333 0.655250 0.006700 99919.191667 0.000106 
538 288.383333 2.075000 0.620833 0.006700 99904.250000 0.000066 
539 289.091667 2.650000 0.585917 0.006600 99883.441667 0.000005 
540 287.958333 2.425000 0.703083 0.007400 99886.466667 0.000000 
541 288.125000 2.766667 0.711250 0.007600 99861.783333 0.000000 
542 288.241667 2.800000 0.706417 0.007600 99823.291667 0.000000 
543 288.250000 2.891667 0.704167 0.007600 99806.983333 0.000000 
544 288.250000 2.900000 0.702167 0.007500 99779.400000 0.000000 
545 288.066667 2.625000 0.710250 0.007500 99795.150000 0.000000 
546 287.775000 2.416667 0.726583 0.007600 99796.616667 0.000000 
547 287.566667 2.675000 0.745417 0.007700 99850.225000 0.000000 
548 287.366667 2.608333 0.766250 0.007800 99863.900000 0.000000 
549 287.166667 2.325000 0.781750 0.007800 99901.458333 0.000000 
550 286.966667 1.841667 0.793083 0.007800 99901.133333 0.000000 
551 286.950000 1.708333 0.802250 0.007900 99886.775000 0.000000 
552 286.583333 1.975000 0.854333 0.008200 99880.366667 0.000001 
553 286.641667 1.633333 0.854417 0.008300 99853.133333 0.000001 
554 286.833333 1.600000 0.850333 0.008300 99862.066667 0.000000 
555 286.850000 1.508333 0.856417 0.008400 99835.691667 0.000000 
556 286.850000 1.133333 0.869833 0.008500 99826.416667 0.000000 
557 287.216667 0.641667 0.819667 0.008200 99845.325000 0.000000 
558 288.075000 0.783333 0.762750 0.008100 99832.708333 0.000000 
559 288.883333 0.983333 0.717667 0.008000 99807.383333 0.000000 
560 290.233333 1.183333 0.644333 0.007900 99767.983333 0.000000 
561 291.450000 1.841667 0.602250 0.007900 99807.683333 0.000000 
562 292.375000 2.358333 0.577917 0.008100 99745.325000 0.000000 
563 293.275000 2.583333 0.556750 0.008200 99688.241667 0.000000 
564 293.166667 2.691667 0.562333 0.008300 99635.841667 0.000000 
565 293.883333 2.241667 0.544667 0.008400 99593.000000 0.000000 
566 294.500000 2.016667 0.529250 0.008400 99530.375000 0.000000 
567 294.825000 1.725000 0.517917 0.008400 99458.725000 0.000000 
568 294.941667 1.425000 0.519750 0.008500 99382.575000 0.000000 
569 294.583333 1.216667 0.535583 0.008600 99345.125000 0.000000 
570 294.183333 0.833333 0.548917 0.008600 99327.633333 0.000000 
571 293.875000 1.166667 0.559167 0.008600 99380.291667 0.000000 
572 293.483333 1.475000 0.581083 0.008700 99381.716667 0.000000 
573 292.991667 1.408333 0.616000 0.009000 99387.816667 0.000000 
574 292.583333 1.400000 0.652000 0.009300 99386.200000 0.000000 
575 292.366667 1.766667 0.674250 0.009500 99369.958333 0.000000 
576 290.608333 2.533333 0.742917 0.009300 99349.983333 0.000000 
577 290.725000 2.416667 0.748083 0.009500 99334.183333 0.000000 
578 290.383333 2.308333 0.780083 0.009700 99333.633333 0.000000 
579 289.616667 2.025000 0.818750 0.009700 99343.600000 0.000000 
580 289.000000 1.633333 0.824750 0.009300 99358.250000 0.000000 
581 288.766667 1.508333 0.823167 0.009200 99385.625000 0.000000 
582 289.575000 1.866667 0.768000 0.009000 99416.233333 0.000000 
583 290.566667 2.175000 0.712583 0.008900 99444.925000 0.000000 
584 291.475000 2.475000 0.656667 0.008700 99428.875000 0.000000 
585 292.283333 2.683333 0.613500 0.008500 99458.641667 0.000000 
586 293.083333 2.700000 0.564167 0.008300 99425.475000 0.000000 
587 293.883333 2.883333 0.521500 0.008000 99384.616667 0.000000 
588 294.316667 2.533333 0.478583 0.007600 99382.666667 0.000000 
589 294.716667 3.050000 0.456667 0.007400 99338.525000 0.000000 
590 294.658333 2.916667 0.444000 0.007200 99329.366667 0.000000 
591 294.558333 2.625000 0.432000 0.006900 99300.391667 0.000000 
592 294.091667 2.875000 0.432833 0.006700 99271.766667 0.000000 
593 293.500000 2.441667 0.444917 0.006700 99308.175000 0.000015 
594 292.808333 2.675000 0.461583 0.006600 99320.866667 0.000004 
595 292.108333 2.791667 0.493250 0.006800 99358.550000 0.000000 
596 291.408333 2.891667 0.528083 0.007000 99390.408333 0.000000 
597 290.708333 2.900000 0.558500 0.007000 99306.466667 0.000000 
598 290.283333 2.900000 0.585750 0.007200 99304.833333 0.000000 
599 289.883333 2.716667 0.614583 0.007400 99309.708333 0.000000 
600 290.125000 2.700000 0.595000 0.007200 99332.100000 0.000000 
601 289.783333 2.425000 0.628750 0.007500 99346.383333 0.000000 
602 289.200000 2.491667 0.665917 0.007600 99359.600000 0.000000 
603 288.600000 2.591667 0.683667 0.007500 99370.875000 0.000000 
604 288.275000 2.691667 0.695083 0.007500 99409.383333 0.000000 
605 288.341667 2.516667 0.652000 0.007100 99433.975000 0.000003 
606 289.266667 2.591667 0.592083 0.006800 99443.783333 0.000000 
607 289.991667 2.508333 0.586083 0.007100 99443.216667 0.000000 
608 290.508333 2.408333 0.594250 0.007400 99453.550000 0.000000 
609 291.008333 1.941667 0.590417 0.007600 99437.450000 0.000000 
610 291.600000 1.991667 0.573500 0.007700 99386.125000 0.000000 
611 292.016667 2.275000 0.561000 0.007700 99367.575000 0.000000 
612 292.508333 2.025000 0.507750 0.007200 99333.116667 0.000000 
613 292.733333 1.816667 0.491083 0.007000 99309.841667 0.000000 
614 292.566667 1.250000 0.496417 0.007000 99313.041667 0.000000 
615 292.458333 1.475000 0.507083 0.007100 99272.525000 0.000000 
616 292.266667 1.500000 0.527250 0.007300 99252.300000 0.000000 
617 292.066667 1.133333 0.547333 0.007500 99257.766667 0.000001 
618 291.775000 0.733333 0.571917 0.007700 99225.125000 0.000004 
619 291.566667 0.516667 0.597833 0.008000 99289.475000 0.000005 
620 291.275000 0.775000 0.622917 0.008200 99274.150000 0.000015 
621 290.883333 0.983333 0.656167 0.008400 99176.866667 0.000002 
622 290.483333 1.183333 0.680083 0.008500 99155.550000 0.000001 
623 289.991667 1.108333 0.707667 0.008600 99158.250000 0.000018 
624 289.583333 1.375000 0.700833 0.008300 99131.100000 0.000042 
625 289.366667 1.216667 0.718333 0.008300 99126.766667 0.000056 
626 289.075000 1.108333 0.741083 0.008500 99128.800000 0.000029 
627 288.775000 0.916667 0.767750 0.008600 99135.966667 0.000054 
628 288.475000 1.175000 0.796583 0.008700 99168.958333 0.000094 
629 288.541667 1.475000 0.809083 0.008900 99194.450000 0.000074 
630 288.825000 1.866667 0.806333 0.009000 99239.858333 0.000077 
631 288.941667 2.175000 0.813333 0.009200 99257.183333 0.000046 
632 289.041667 1.925000 0.821333 0.009300 99275.266667 0.000116 
633 289.691667 1.991667 0.798167 0.009500 99307.325000 0.000022 
634 290.208333 2.091667 0.769417 0.009400 99321.100000 0.000014 
635 290.891667 2.100000 0.733083 0.009400 99337.500000 0.000010 
636 291.775000 1.641667 0.665833 0.009000 99350.633333 0.000006 
637 292.308333 1.875000 0.638917 0.008900 99360.866667 0.000006 
638 292.166667 2.083333 0.636083 0.008800 99346.850000 0.000004 
639 292.058333 2.100000 0.622250 0.008600 99331.566667 0.000001 
640 291.591667 2.008333 0.622833 0.008300 99308.300000 0.000012 
641 291.183333 2.183333 0.630333 0.008200 99299.425000 0.000001 
642 290.508333 2.291667 0.658500 0.008200 99321.075000 0.000000 
643 289.625000 2.116667 0.694000 0.008200 99392.308333 0.000000 
644 288.908333 2.283333 0.723583 0.008100 99421.333333 0.000000 
645 288.208333 2.575000 0.752583 0.008100 99413.500000 0.000000 
646 287.600000 2.875000 0.777917 0.008000 99440.191667 0.000000 
647 287.091667 2.991667 0.799250 0.008000 99444.533333 0.000000 
648 285.766667 3.091667 0.866083 0.007900 99448.550000 0.000000 
649 285.466667 2.825000 0.869250 0.007800 99419.658333 0.000000 
650 285.266667 2.525000 0.858000 0.007600 99423.050000 0.000000 
651 285.341667 2.500000 0.845083 0.007500 99408.016667 0.000000 
652 285.533333 2.500000 0.822917 0.007400 99397.433333 0.000000 
653 286.100000 2.316667 0.783417 0.007300 99394.766667 0.000000 
654 286.975000 2.116667 0.717667 0.007100 99381.400000 0.000000 
655 288.058333 2.191667 0.643250 0.006900 99363.975000 0.000000 
656 289.066667 2.291667 0.579250 0.006600 99361.216667 0.000000 
657 289.975000 2.300000 0.536417 0.006500 99387.958333 0.000000 
658 290.783333 2.391667 0.509167 0.006500 99347.408333 0.000000 
659 291.491667 2.491667 0.497833 0.006600 99301.425000 0.000000 
660 292.283333 2.775000 0.469500 0.006500 99273.583333 0.000000 
661 292.441667 2.433333 0.488083 0.006900 99230.241667 0.000000 
662 292.541667 1.575000 0.498250 0.007100 99196.066667 0.000000 
663 292.550000 1.225000 0.506333 0.007200 99144.625000 0.000000 
664 292.550000 1.291667 0.521667 0.007400 99141.850000 0.000000 
665 292.183333 1.483333 0.537667 0.007500 99132.100000 0.000000 
666 291.783333 1.500000 0.555500 0.007500 99143.300000 0.000000 
667 291.383333 1.316667 0.571667 0.007500 99181.158333 0.000000 
668 291.075000 1.116667 0.594083 0.007700 99164.241667 0.000000 
669 290.775000 1.466667 0.620750 0.007900 99105.475000 0.000000 
670 290.475000 1.775000 0.636750 0.007900 99092.050000 0.000000 
671 290.083333 1.891667 0.650833 0.007900 99080.666667 0.000000 
672 288.308333 2.175000 0.619917 0.006700 99071.816667 0.000000 
673 287.783333 2.566667 0.649083 0.006800 99064.133333 0.000005 
674 287.291667 2.875000 0.682250 0.006900 99077.616667 0.000043 
675 286.700000 2.441667 0.704250 0.006900 99077.616667 0.000159 
676 286.375000 2.400000 0.712417 0.006800 99090.883333 0.000298 
677 286.350000 2.675000 0.747833 0.007200 99103.191667 0.000339 
678 286.441667 2.516667 0.799583 0.007700 99123.083333 0.000236 
679 286.633333 2.225000 0.825083 0.008000 99125.716667 0.000159 
680 286.925000 2.016667 0.841667 0.008400 99142.666667 0.000142 
681 287.408333 2.916667 0.789833 0.008100 99110.283333 0.000155 
682 287.633333 2.908333 0.804250 0.008400 99111.783333 0.000252 
683 287.558333 2.533333 0.833500 0.008600 99100.558333 0.000271 
684 286.908333 2.866667 0.860750 0.008500 99159.358333 0.000721 
685 287.216667 3.266667 0.865750 0.008800 99132.533333 0.000354 
686 287.250000 3.391667 0.877000 0.008900 99136.016667 0.000476 
687 287.250000 3.400000 0.888083 0.009000 99108.000000 0.000193 
688 287.341667 3.675000 0.876167 0.008900 99075.975000 0.000159 
689 287.258333 4.158333 0.888750 0.009000 99055.150000 0.000190 
690 287.250000 4.200000 0.871667 0.008900 99069.083333 0.000175 
691 287.158333 3.741667 0.852583 0.008600 99125.041667 0.000131 
692 287.058333 3.975000 0.818917 0.008200 99145.216667 0.000053 
693 286.591667 4.091667 0.806833 0.007800 99130.100000 0.000069 
694 286.000000 3.458333 0.806917 0.007500 99198.541667 0.000029 
695 285.583333 3.125000 0.799667 0.007300 99256.875000 0.000025 
696 285.458333 3.100000 0.746750 0.006700 99342.908333 0.000031 
697 284.900000 2.733333 0.770417 0.006700 99392.191667 0.000011 
698 284.575000 2.425000 0.759250 0.006400 99444.125000 0.000009 
699 284.550000 1.758333 0.730500 0.006200 99474.350000 0.000010 
700 284.458333 1.150000 0.764667 0.006400 99533.808333 0.000009 
701 284.266667 1.375000 0.814750 0.006800 99579.975000 0.000020 
702 284.525000 1.308333 0.855667 0.007200 99645.575000 0.000022 
703 285.100000 1.483333 0.843417 0.007400 99693.550000 0.000042 
704 285.791667 1.591667 0.797083 0.007300 99727.008333 0.000027 
705 286.216667 1.691667 0.749000 0.007100 99772.875000 0.000015 
706 286.800000 1.791667 0.677167 0.006600 99766.533333 0.000036 
707 287.400000 1.983333 0.591250 0.006000 99762.025000 0.000013 
708 288.550000 2.000000 0.509750 0.005600 99750.883333 0.000001 
709 288.833333 2.641667 0.506667 0.005600 99730.650000 0.000001 
710 288.850000 2.791667 0.496000 0.005500 99721.200000 0.000000 
711 288.758333 3.166667 0.503250 0.005600 99690.525000 0.000000 
712 288.291667 3.200000 0.538833 0.005800 99652.966667 0.000000 
713 287.883333 2.375000 0.574083 0.006000 99613.408333 0.000000 
714 287.758333 1.475000 0.577917 0.006000 99591.216667 0.000000 
715 287.658333 1.125000 0.585333 0.006100 99590.233333 0.000000 
716 287.650000 1.191667 0.605250 0.006300 99552.441667 0.000000 
717 287.558333 1.383333 0.633583 0.006500 99457.975000 0.000000 
718 287.550000 1.216667 0.679083 0.007000 99419.725000 0.000000 
719 287.550000 1.200000 0.707750 0.007300 99349.441667 0.000000 
720 286.266667 1.658333 0.780583 0.007400 99291.508333 0.000000 
721 286.241667 2.250000 0.776917 0.007400 99223.458333 0.000000 
722 286.158333 1.566667 0.785167 0.007400 99195.333333 0.000000 
723 285.875000 0.491667 0.807083 0.007500 99144.075000 0.000000 
724 286.033333 0.766667 0.798917 0.007500 99133.183333 0.000000 
725 286.141667 0.891667 0.781500 0.007400 99123.800000 0.000000 
726 286.700000 0.716667 0.708500 0.006900 99073.408333 0.000000 
727 287.116667 0.700000 0.680000 0.006800 99048.000000 0.000000 
728 287.333333 0.700000 0.683500 0.007000 99030.425000 0.000000 
729 287.441667 0.791667 0.688583 0.007100 99038.533333 0.000022 
730 287.450000 0.891667 0.715583 0.007400 99020.516667 0.000063 
731 287.266667 0.991667 0.756500 0.007700 99001.566667 0.000121 
732 286.608333 0.541667 0.804000 0.007800 99000.550000 0.000203 
733 286.458333 0.408333 0.859333 0.008300 98989.600000 0.000349 
734 286.633333 1.133333 0.820000 0.008000 98968.708333 0.000419 
735 286.558333 1.933333 0.776583 0.007500 98917.950000 0.000363 
736 286.458333 2.366667 0.777583 0.007500 98864.825000 0.000226 
737 286.358333 3.041667 0.777083 0.007500 98800.541667 0.000111 
738 286.166667 3.008333 0.775167 0.007300 98767.508333 0.000222 
739 286.058333 2.633333 0.771333 0.007300 98781.958333 0.000203 
740 286.050000 2.875000 0.775583 0.007300 98732.991667 0.000338 
741 286.050000 2.716667 0.779667 0.007300 98685.775000 0.000370 
742 286.416667 2.516667 0.766250 0.007400 98679.333333 0.000217 
743 286.450000 2.500000 0.765000 0.007400 98679.100000 0.000203 
