#### 	 Vertical City Weather Generator (VCWG)  	 #### 
# Forcing parameters near surface or top of the domain based on user's choice 
# 0:time [hr] 1:T [K] 2:S [m s^-1] 3:RH [-] 4:q [kg kg^-1] 5:Pressure [Pa] 6:Rain [mm s^-1] 
0 285.258333 1.108333 0.951167 0.008800 95619.358333 0.000000 
1 285.158333 1.100000 0.955667 0.008800 95620.316667 0.000000 
2 285.150000 1.008333 0.957833 0.008800 95609.958333 0.000000 
3 284.691667 1.000000 0.966250 0.008600 95645.941667 0.000000 
4 285.016667 0.816667 0.969750 0.008800 95652.416667 0.000000 
5 286.058333 0.891667 0.931500 0.009100 95682.033333 0.000000 
6 286.425000 0.991667 0.939917 0.009400 95711.833333 0.000000 
7 286.725000 1.183333 0.919000 0.009300 95727.591667 0.000000 
8 287.300000 1.200000 0.902333 0.009500 95742.641667 0.000000 
9 288.083333 1.291667 0.873500 0.009700 95732.075000 0.000000 
10 289.616667 1.391667 0.817833 0.010000 95727.516667 0.000000 
11 290.850000 1.675000 0.756167 0.010000 95688.975000 0.000000 
12 291.041667 1.425000 0.710667 0.009500 95652.500000 0.000000 
13 291.416667 2.041667 0.675833 0.009300 95660.775000 0.000000 
14 289.891667 1.825000 0.721583 0.009000 95702.591667 0.000000 
15 289.566667 1.708333 0.728750 0.008900 95711.066667 0.000000 
16 289.091667 1.516667 0.782167 0.009300 95695.641667 0.000000 
17 288.866667 1.866667 0.803500 0.009400 95742.141667 0.000000 
18 288.025000 1.808333 0.791250 0.008700 95772.900000 0.000000 
19 286.941667 1.800000 0.839500 0.008600 95826.633333 0.000000 
20 286.391667 1.708333 0.876083 0.008700 95874.108333 0.000000 
21 285.891667 1.791667 0.919333 0.008800 95880.750000 0.000000 
22 285.758333 2.075000 0.919333 0.008700 95882.650000 0.000000 
23 285.566667 2.558333 0.902500 0.008500 95902.966667 0.000000 
24 285.183333 3.150000 0.916583 0.008400 95916.441667 0.000000 
25 284.691667 3.108333 0.921667 0.008200 95953.800000 0.000000 
26 284.283333 2.825000 0.922917 0.008000 95996.425000 0.000000 
27 283.883333 2.433333 0.919333 0.007700 96038.775000 0.000000 
28 283.758333 2.400000 0.909833 0.007600 96081.258333 0.000000 
29 283.933333 2.858333 0.890667 0.007500 96140.716667 0.000000 
30 284.041667 3.175000 0.886250 0.007500 96173.850000 0.000000 
31 284.325000 3.291667 0.877750 0.007600 96238.000000 0.000000 
32 285.175000 3.300000 0.841250 0.007700 96274.216667 0.000000 
33 285.983333 3.666667 0.752750 0.007200 96305.233333 0.000000 
34 286.783333 3.975000 0.681750 0.006900 96339.700000 0.000000 
35 287.308333 4.091667 0.630167 0.006600 96343.516667 0.000000 
36 287.625000 4.008333 0.587500 0.006300 96368.716667 0.000000 
37 287.833333 4.000000 0.567500 0.006100 96383.008333 0.000000 
38 287.941667 3.908333 0.558667 0.006100 96408.116667 0.000000 
39 287.858333 3.533333 0.556167 0.006000 96428.725000 0.000000 
40 287.575000 2.950000 0.577083 0.006100 96450.016667 0.000000 
41 287.000000 2.166667 0.620250 0.006400 96453.266667 0.000000 
42 285.941667 1.641667 0.679000 0.006500 96515.916667 0.000000 
43 284.658333 1.416667 0.767417 0.006700 96584.025000 0.000000 
44 283.541667 1.308333 0.814417 0.006600 96623.616667 0.000000 
45 282.625000 1.391667 0.840000 0.006400 96636.141667 0.000000 
46 282.183333 1.400000 0.849333 0.006300 96619.583333 0.000000 
47 281.875000 1.400000 0.856417 0.006200 96590.866667 0.000000 
48 281.575000 1.491667 0.864333 0.006200 96575.016667 0.000000 
49 281.275000 1.500000 0.871417 0.006100 96569.125000 0.000000 
50 280.975000 1.500000 0.877500 0.006000 96554.308333 0.000000 
51 280.950000 1.500000 0.884417 0.006000 96567.758333 0.000000 
52 281.683333 1.408333 0.891417 0.006400 96573.775000 0.000000 
53 284.500000 1.308333 0.783833 0.006800 96606.100000 0.000000 
54 285.666667 1.666667 0.766667 0.007200 96614.866667 0.000000 
55 287.033333 2.708333 0.709167 0.007300 96609.900000 0.000000 
56 287.883333 2.800000 0.669167 0.007300 96597.208333 0.000000 
57 288.225000 2.800000 0.661417 0.007300 96594.266667 0.000000 
58 288.433333 2.708333 0.664667 0.007500 96625.266667 0.000000 
59 288.725000 2.700000 0.658583 0.007500 96616.825000 0.000000 
60 288.566667 2.608333 0.672667 0.007600 96656.958333 0.000000 
61 288.458333 2.600000 0.684083 0.007700 96670.875000 0.000000 
62 288.358333 2.508333 0.692333 0.007700 96697.650000 0.000000 
63 288.808333 2.591667 0.665500 0.007600 96697.066667 0.000000 
64 288.850000 2.050000 0.661167 0.007600 96700.283333 0.000000 
65 288.483333 1.175000 0.698583 0.007900 96723.791667 0.000000 
66 287.350000 0.825000 0.796417 0.008300 96768.800000 0.000000 
67 287.250000 0.616667 0.729833 0.007600 96821.191667 0.000000 
68 284.866667 1.150000 0.828417 0.007400 96847.966667 0.000000 
69 283.458333 1.383333 0.882000 0.007100 96874.291667 0.000000 
70 282.341667 1.583333 0.912583 0.006800 96849.000000 0.000000 
71 281.791667 1.600000 0.927833 0.006700 96808.550000 0.000000 
72 281.475000 1.508333 0.934500 0.006600 96773.841667 0.000000 
73 281.175000 1.500000 0.933167 0.006500 96750.191667 0.000000 
74 281.333333 1.408333 0.921083 0.006500 96743.533333 0.000000 
75 281.441667 1.308333 0.906250 0.006400 96770.233333 0.000000 
76 282.458333 1.208333 0.891250 0.006700 96788.925000 0.000000 
77 285.850000 1.108333 0.821250 0.007800 96807.358333 0.000000 
78 288.258333 1.100000 0.738917 0.008200 96819.991667 0.000000 
79 289.733333 1.283333 0.682500 0.008300 96823.200000 0.000000 
80 291.225000 1.575000 0.642250 0.008600 96790.583333 0.000000 
81 292.725000 1.783333 0.608750 0.009000 96782.925000 0.000000 
82 293.950000 1.983333 0.584000 0.009300 96736.391667 0.000000 
83 295.058333 2.000000 0.561833 0.009600 96684.166667 0.000000 
84 295.883333 2.183333 0.545333 0.009800 96632.041667 0.000000 
85 296.408333 2.383333 0.531167 0.009800 96595.066667 0.000000 
86 296.175000 2.400000 0.540083 0.009800 96584.308333 0.000000 
87 296.058333 2.125000 0.556583 0.010100 96582.316667 0.000000 
88 295.500000 1.458333 0.608417 0.010600 96576.516667 0.000000 
89 294.716667 1.216667 0.670750 0.011200 96583.516667 0.000000 
90 293.000000 1.291667 0.761250 0.011400 96597.125000 0.000000 
91 292.666667 0.750000 0.703917 0.010300 96648.900000 0.000000 
92 291.825000 0.791667 0.719083 0.010000 96675.775000 0.000000 
93 289.366667 1.166667 0.810833 0.009700 96707.500000 0.000000 
94 288.050000 1.291667 0.852000 0.009300 96715.608333 0.000000 
95 287.583333 1.300000 0.868750 0.009200 96714.633333 0.000000 
96 287.000000 1.483333 0.879167 0.009000 96691.766667 0.000000 
97 286.491667 1.591667 0.891000 0.008800 96660.183333 0.000000 
98 286.358333 1.600000 0.901167 0.008800 96654.200000 0.000000 
99 286.166667 1.508333 0.906583 0.008800 96678.650000 0.000000 
100 287.066667 1.316667 0.916167 0.009400 96755.241667 0.000000 
101 289.900000 1.300000 0.845500 0.010400 96775.108333 0.000000 
102 291.891667 2.033333 0.767500 0.010700 96791.608333 0.000000 
103 293.058333 2.741667 0.717000 0.010800 96807.941667 0.000000 
104 294.158333 3.533333 0.670833 0.010800 96792.891667 0.000000 
105 295.075000 3.875000 0.627583 0.010700 96755.191667 0.000000 
106 295.700000 3.991667 0.584583 0.010300 96738.975000 0.000000 
107 296.116667 3.816667 0.562667 0.010200 96730.466667 0.000000 
108 296.791667 3.983333 0.537167 0.010200 96697.441667 0.000000 
109 296.850000 3.725000 0.537750 0.010200 96714.300000 0.000000 
110 296.850000 3.608333 0.539833 0.010200 96684.933333 0.000000 
111 296.483333 3.050000 0.562000 0.010400 96681.916667 0.000000 
112 295.808333 2.175000 0.620833 0.011100 96669.891667 0.000000 
113 295.016667 1.641667 0.670000 0.011400 96663.941667 0.000000 
114 293.483333 1.508333 0.720750 0.011100 96676.058333 0.000000 
115 292.066667 1.225000 0.753417 0.010700 96720.741667 0.000000 
116 290.208333 1.383333 0.806417 0.010100 96752.566667 0.000000 
117 289.225000 1.400000 0.824750 0.009700 96778.566667 0.000000 
118 288.783333 1.308333 0.825083 0.009500 96808.750000 0.000000 
119 288.933333 1.208333 0.814917 0.009400 96800.025000 0.000000 
120 289.408333 1.016667 0.801167 0.009600 96782.041667 0.000000 
121 289.266667 0.908333 0.811917 0.009600 96744.750000 0.000000 
122 287.875000 0.991667 0.858833 0.009300 96713.450000 0.000000 
123 286.833333 1.091667 0.891417 0.009000 96705.308333 0.000000 
124 287.116667 0.825000 0.906833 0.009400 96710.116667 0.000000 
125 289.716667 0.616667 0.886000 0.010800 96702.350000 0.000000 
126 292.516667 0.600000 0.778583 0.011300 96732.766667 0.000000 
127 294.491667 0.691667 0.712167 0.011700 96724.325000 0.000000 
128 296.116667 0.608333 0.662083 0.012000 96702.125000 0.000000 
129 297.533333 0.783333 0.603000 0.011900 96662.341667 0.000000 
130 298.658333 1.075000 0.540250 0.011400 96649.825000 0.000000 
131 299.025000 0.916667 0.517583 0.011200 96627.825000 0.000000 
132 299.783333 0.808333 0.492167 0.011100 96579.241667 0.000000 
133 300.125000 0.708333 0.477167 0.011000 96531.183333 0.000000 
134 300.333333 0.608333 0.468667 0.011000 96490.716667 0.000000 
135 300.441667 0.508333 0.470750 0.011100 96464.300000 0.000000 
136 300.175000 0.500000 0.524167 0.012200 96450.375000 0.000000 
137 298.958333 0.958333 0.645417 0.013900 96463.508333 0.000000 
138 296.741667 1.275000 0.751333 0.014200 96417.225000 0.000000 
139 293.983333 1.666667 0.795750 0.012700 96450.208333 0.000000 
140 291.825000 1.700000 0.851250 0.011900 96488.983333 0.000000 
141 290.275000 1.791667 0.886250 0.011200 96518.050000 0.000000 
142 289.325000 1.800000 0.902750 0.010800 96523.883333 0.000000 
143 288.700000 1.891667 0.907667 0.010400 96493.216667 0.000000 
144 288.375000 1.900000 0.904333 0.010200 96440.166667 0.000000 
145 288.166667 1.808333 0.893000 0.009900 96419.008333 0.000000 
146 288.058333 1.708333 0.878250 0.009700 96401.641667 0.000000 
147 288.050000 1.700000 0.864167 0.009500 96390.208333 0.000000 
148 289.241667 1.425000 0.851083 0.010100 96416.616667 0.000000 
149 292.650000 1.125000 0.781250 0.011500 96458.608333 0.000000 
150 294.691667 1.466667 0.763083 0.012700 96545.616667 0.000000 
151 296.225000 1.591667 0.716167 0.013100 96589.225000 0.000000 
152 297.083333 1.600000 0.676250 0.013000 96613.858333 0.000000 
153 298.158333 1.508333 0.626250 0.012900 96612.500000 0.000000 
154 299.258333 1.225000 0.575250 0.012600 96601.841667 0.000000 
155 300.358333 1.475000 0.532500 0.012500 96536.000000 0.000000 
156 301.275000 1.683333 0.499667 0.012400 96500.950000 0.000000 
157 301.625000 2.341667 0.486000 0.012300 96473.916667 0.000000 
158 299.541667 2.033333 0.558333 0.012500 96505.983333 0.000000 
159 299.350000 0.808333 0.587000 0.013000 96503.783333 0.000000 
160 299.166667 0.608333 0.605500 0.013200 96500.366667 0.000000 
161 297.958333 0.691667 0.788500 0.016100 96523.475000 0.000000 
162 296.658333 1.433333 0.785750 0.014800 96481.875000 0.000000 
163 294.533333 1.316667 0.883000 0.014600 96540.141667 0.000000 
164 293.525000 1.025000 0.910333 0.014100 96575.683333 0.000000 
165 293.816667 0.633333 0.890917 0.014100 96552.916667 0.000000 
166 292.291667 1.058333 0.934833 0.013500 96578.100000 0.000000 
167 291.233333 1.283333 0.967417 0.013000 96615.708333 0.000000 
168 290.966667 0.933333 0.975500 0.012900 96621.466667 0.000000 
169 290.583333 0.900000 0.987000 0.012700 96632.700000 0.000000 
170 290.916667 0.258333 0.991667 0.013100 96626.183333 0.000000 
171 290.216667 0.566667 0.996583 0.012600 96637.691667 0.000000 
172 290.700000 0.600000 0.995167 0.012900 96662.816667 0.000000 
173 291.941667 0.691667 0.978500 0.013800 96688.375000 0.000000 
174 294.341667 0.516667 0.834000 0.013600 96734.041667 0.000000 
175 295.100000 0.683333 0.801750 0.013700 96773.291667 0.000000 
176 295.975000 0.333333 0.772500 0.013900 96781.633333 0.000000 
177 296.875000 0.391667 0.731500 0.013900 96803.366667 0.000000 
178 297.866667 0.675000 0.712417 0.014400 96818.775000 0.000000 
179 298.225000 1.250000 0.704583 0.014500 96793.416667 0.000000 
180 297.883333 1.116667 0.720500 0.014600 96766.616667 0.000000 
181 298.033333 0.641667 0.724750 0.014800 96753.308333 0.000000 
182 297.958333 0.508333 0.728667 0.014800 96728.283333 0.000000 
183 297.858333 0.316667 0.732667 0.014800 96708.225000 0.000000 
184 297.850000 0.208333 0.728417 0.014700 96708.433333 0.000000 
185 297.666667 0.291667 0.744500 0.014900 96717.858333 0.000000 
186 296.641667 0.941667 0.823917 0.015500 96683.683333 0.000000 
187 294.716667 1.366667 0.856667 0.014300 96717.166667 0.000000 
188 293.083333 1.583333 0.890167 0.013400 96742.500000 0.000000 
189 292.308333 1.508333 0.902167 0.013000 96774.016667 0.000000 
190 291.883333 1.316667 0.912167 0.012800 96768.358333 0.000000 
191 291.300000 1.300000 0.927667 0.012500 96761.733333 0.000000 
192 290.700000 1.300000 0.940000 0.012200 96731.866667 0.000000 
193 290.283333 1.300000 0.948333 0.012000 96696.475000 0.000000 
194 289.791667 1.300000 0.955417 0.011700 96679.841667 0.000000 
195 289.475000 1.300000 0.958750 0.011500 96689.875000 0.000000 
196 290.275000 1.116667 0.953500 0.012100 96719.316667 0.000000 
197 293.466667 1.008333 0.903500 0.014000 96718.233333 0.000000 
198 296.133333 0.816667 0.799083 0.014500 96769.416667 0.000000 
199 298.183333 0.708333 0.710250 0.014600 96782.533333 0.000000 
200 299.908333 0.791667 0.625083 0.014200 96775.233333 0.000000 
201 301.241667 0.800000 0.555667 0.013700 96773.583333 0.000000 
202 302.266667 0.983333 0.519750 0.013600 96762.041667 0.000000 
203 303.175000 1.091667 0.491333 0.013500 96708.016667 0.000000 
204 303.800000 1.100000 0.465167 0.013300 96691.925000 0.000000 
205 304.216667 1.100000 0.443750 0.013000 96679.075000 0.000000 
206 304.341667 1.100000 0.435583 0.012800 96648.116667 0.000000 
207 304.166667 1.191667 0.455167 0.013300 96637.700000 0.000000 
208 302.866667 1.016667 0.610083 0.016600 96621.691667 0.000000 
209 302.200000 1.183333 0.614833 0.016100 96613.058333 0.000000 
210 299.950000 1.291667 0.731333 0.016800 96605.250000 0.000000 
211 297.458333 1.483333 0.756667 0.014900 96612.850000 0.000000 
212 295.600000 1.500000 0.785500 0.013900 96636.333333 0.000000 
213 294.350000 1.408333 0.800833 0.013100 96658.841667 0.000000 
214 293.608333 1.308333 0.803833 0.012500 96645.575000 0.000000 
215 292.816667 1.300000 0.809500 0.012000 96653.091667 0.000000 
216 291.925000 1.391667 0.821917 0.011500 96643.908333 0.000000 
217 291.300000 1.400000 0.823917 0.011100 96646.666667 0.000000 
218 290.791667 1.491667 0.823083 0.010800 96639.116667 0.000000 
219 290.200000 1.500000 0.832167 0.010500 96640.233333 0.000000 
220 290.791667 1.316667 0.850417 0.011100 96636.366667 0.000000 
221 294.150000 0.933333 0.813500 0.013100 96656.441667 0.000000 
222 297.291667 0.808333 0.709167 0.013800 96677.091667 0.000000 
223 299.475000 0.616667 0.621167 0.013800 96669.816667 0.000000 
224 301.116667 0.416667 0.548000 0.013400 96647.000000 0.000000 
225 302.350000 0.216667 0.505333 0.013300 96645.183333 0.000000 
226 303.366667 0.108333 0.475417 0.013200 96628.241667 0.000000 
227 304.091667 0.375000 0.454667 0.013200 96600.300000 0.000000 
228 304.608333 0.950000 0.442917 0.013300 96580.025000 0.000000 
229 304.650000 1.091667 0.443833 0.013300 96574.000000 0.000000 
230 304.283333 0.916667 0.460500 0.013500 96588.541667 0.000000 
231 302.966667 1.541667 0.530750 0.014500 96616.483333 0.000000 
232 301.841667 1.416667 0.624083 0.016000 96619.175000 0.000000 
233 300.833333 0.941667 0.753000 0.018200 96641.016667 0.000000 
234 299.466667 0.991667 0.745667 0.016600 96600.375000 0.000000 
235 297.241667 1.366667 0.784333 0.015300 96653.700000 0.000000 
236 295.675000 1.491667 0.818250 0.014500 96688.966667 0.000000 
237 294.541667 1.591667 0.826500 0.013600 96726.441667 0.000000 
238 293.991667 1.600000 0.806833 0.012900 96742.891667 0.000000 
239 293.125000 1.600000 0.820583 0.012400 96728.791667 0.000000 
240 292.316667 1.416667 0.837583 0.012000 96720.341667 0.000000 
241 292.066667 1.216667 0.839000 0.011900 96727.308333 0.000000 
242 291.958333 1.016667 0.849083 0.011900 96726.716667 0.000000 
243 292.041667 0.816667 0.852750 0.012100 96745.758333 0.000000 
244 292.325000 0.525000 0.864000 0.012400 96738.241667 0.000000 
245 293.908333 0.500000 0.856750 0.013600 96740.516667 0.000000 
246 295.975000 0.775000 0.790000 0.014200 96777.558333 0.000000 
247 297.433333 1.075000 0.740000 0.014600 96780.716667 0.000000 
248 298.741667 1.283333 0.704833 0.015000 96766.675000 0.000000 
249 299.766667 1.483333 0.676333 0.015300 96751.191667 0.000000 
250 300.583333 1.775000 0.652917 0.015500 96762.825000 0.000000 
251 301.016667 1.983333 0.638167 0.015500 96742.733333 0.000000 
252 301.325000 2.000000 0.623250 0.015400 96708.533333 0.000000 
253 301.625000 1.816667 0.612833 0.015500 96657.291667 0.000000 
254 301.100000 1.341667 0.619333 0.015200 96672.241667 0.000000 
255 300.683333 1.300000 0.622750 0.014900 96669.966667 0.000000 
256 300.558333 1.116667 0.632167 0.015000 96634.308333 0.000000 
257 299.725000 0.825000 0.728333 0.016500 96610.291667 0.000000 
258 298.091667 1.258333 0.822250 0.016900 96598.408333 0.000000 
259 297.491667 0.200000 0.837333 0.016600 96591.816667 0.000000 
260 296.808333 0.650000 0.859083 0.016300 96562.333333 0.000000 
261 296.200000 0.791667 0.875667 0.016100 96532.200000 0.000000 
262 295.691667 0.708333 0.891667 0.015800 96520.991667 0.000000 
263 295.008333 0.516667 0.913167 0.015600 96498.566667 0.000000 
264 293.483333 1.050000 0.951667 0.014800 96551.416667 0.000000 
265 292.983333 1.100000 0.961417 0.014500 96573.633333 0.000000 
266 292.400000 1.100000 0.973000 0.014100 96562.641667 0.000000 
267 291.433333 1.375000 0.985000 0.013400 96550.041667 0.000000 
268 292.633333 0.941667 0.971333 0.014300 96540.291667 0.000000 
269 294.858333 0.625000 0.917750 0.015500 96546.741667 0.000000 
270 294.958333 1.516667 0.883667 0.015000 96643.008333 0.000000 
271 296.416667 1.233333 0.826000 0.015300 96635.200000 0.000000 
272 297.925000 1.475000 0.760500 0.015400 96636.725000 0.000000 
273 298.508333 2.600000 0.708250 0.014900 96675.500000 0.000000 
274 298.825000 2.883333 0.682000 0.014600 96704.666667 0.000000 
275 299.400000 2.533333 0.645167 0.014300 96669.600000 0.000000 
276 300.275000 2.683333 0.592500 0.013800 96667.116667 0.000000 
277 298.241667 3.525000 0.648500 0.013400 96729.900000 0.000000 
278 297.133333 2.316667 0.718167 0.013900 96761.266667 0.000000 
279 297.141667 1.741667 0.730417 0.014100 96766.350000 0.000000 
280 296.783333 1.883333 0.731000 0.013800 96810.508333 0.000000 
281 295.741667 1.075000 0.776833 0.013800 96843.833333 0.000000 
282 295.191667 1.275000 0.782833 0.013400 96855.208333 0.000000 
283 294.050000 0.750000 0.854500 0.013700 96929.608333 0.000000 
284 293.858333 0.333333 0.844500 0.013300 96967.283333 0.000000 
285 293.391667 0.575000 0.866833 0.013300 96979.908333 0.000000 
286 292.250000 0.875000 0.910250 0.013000 96947.616667 0.000000 
287 291.050000 1.175000 0.947000 0.012600 96890.700000 0.000000 
288 290.308333 1.291667 0.962833 0.012200 96851.516667 0.000000 
289 290.066667 1.208333 0.966750 0.012100 96816.775000 0.000000 
290 289.958333 1.108333 0.967000 0.012000 96791.808333 0.000000 
291 290.500000 0.825000 0.958750 0.012300 96805.841667 0.000000 
292 290.825000 0.708333 0.957083 0.012500 96804.733333 0.000000 
293 292.683333 0.700000 0.899250 0.013200 96786.166667 0.000000 
294 293.583333 0.241667 0.876583 0.013600 96818.325000 0.000000 
295 294.383333 0.475000 0.847500 0.013800 96836.525000 0.000000 
296 295.366667 0.866667 0.813833 0.014100 96834.966667 0.000000 
297 296.183333 0.716667 0.782583 0.014300 96824.525000 0.000000 
298 297.533333 0.516667 0.730500 0.014400 96828.733333 0.000000 
299 298.291667 0.958333 0.704000 0.014600 96783.641667 0.000000 
300 297.891667 2.283333 0.710250 0.014400 96785.733333 0.000000 
301 296.750000 1.941667 0.749500 0.014100 96820.491667 0.000000 
302 297.108333 1.258333 0.747500 0.014400 96791.516667 0.000000 
303 296.783333 1.841667 0.758000 0.014300 96821.416667 0.000000 
304 295.925000 1.533333 0.806667 0.014500 96847.500000 0.000000 
305 294.566667 1.408333 0.848583 0.014000 96910.100000 0.000000 
306 294.633333 1.033333 0.874000 0.014500 96914.316667 0.000000 
307 293.733333 0.725000 0.939250 0.014700 96951.416667 0.000000 
308 293.650000 0.241667 0.923000 0.014400 96979.000000 0.000000 
309 292.733333 0.750000 0.949417 0.014000 96996.508333 0.000000 
310 292.650000 0.800000 0.957500 0.014000 96992.583333 0.000000 
311 291.916667 0.800000 0.980917 0.013700 96967.900000 0.000000 
312 291.850000 0.708333 0.987583 0.013800 96956.716667 0.000000 
313 291.666667 0.516667 0.993500 0.013700 96931.333333 0.000000 
314 291.191667 0.408333 0.994000 0.013300 96939.183333 0.000000 
315 291.058333 0.308333 0.994000 0.013200 96964.666667 0.000000 
316 291.141667 0.208333 0.994000 0.013300 96990.733333 0.000000 
317 292.158333 0.200000 0.983917 0.014000 97031.308333 0.000000 
318 293.166667 0.383333 0.912417 0.013800 97037.733333 0.000000 
319 294.900000 0.400000 0.828083 0.013900 97044.783333 0.000000 
320 296.150000 0.400000 0.777000 0.014100 97021.658333 0.000000 
321 297.533333 0.400000 0.709750 0.014000 96985.491667 0.000000 
322 298.566667 0.675000 0.648083 0.013600 96966.175000 0.000000 
323 299.383333 0.883333 0.607250 0.013400 96919.325000 0.000000 
324 299.633333 1.175000 0.602167 0.013500 96877.891667 0.000000 
325 299.833333 1.291667 0.599250 0.013600 96858.458333 0.000000 
326 300.033333 1.025000 0.594417 0.013600 96826.750000 0.000000 
327 299.958333 0.541667 0.594000 0.013600 96812.175000 0.000000 
328 299.675000 0.591667 0.616000 0.013800 96764.075000 0.000000 
329 299.100000 0.508333 0.704167 0.015300 96747.241667 0.000000 
330 298.316667 0.775000 0.759667 0.015800 96695.500000 0.000000 
331 297.883333 0.708333 0.720917 0.014600 96715.100000 0.000000 
332 297.300000 0.150000 0.736250 0.014400 96739.575000 0.000000 
333 296.516667 0.466667 0.765500 0.014300 96729.133333 0.000000 
334 295.808333 0.775000 0.789083 0.014100 96742.208333 0.000000 
335 295.750000 0.800000 0.791000 0.014100 96743.500000 0.000000 
