#### 	 Vertical City Weather Generator (VCWG)  	 #### 
# Conductive heat fluxes at the surfaces 
# 0:time [hr] 1:GfluxRoofImp [W m^-2] 2:GfluxRoofVeg [W m^-2] 3:GfluxRoof [W m^-2] 4:GfluxGroundImp [W m^-2] 5:GfluxGroundBare [W m^-2] 6:GfluxGroundVeg [W m^-2] 7:GfluxGround [W m^-2] 8:GfluxWallSun [W m^-2] 9:GfluxWallShade [W m^-2] 10:GfluxRural [W m^-2] 
0 -19.793154 nan -19.793154 -5.728805 nan -53.403085 -10.496233 -41.063649 -41.063649 nan 
1 -9.200335 nan -9.200335 -14.518382 nan -66.597922 -19.726336 -42.096984 -42.096984 nan 
2 -10.467122 nan -10.467122 -19.149025 nan -71.818267 -24.415949 -42.293158 -42.293158 nan 
3 -0.106232 nan -0.106232 -19.693679 nan -72.052134 -24.929525 -39.738884 -39.738884 nan 
4 9.142319 nan 9.142319 -53.662079 nan -119.865305 -60.282402 -38.349583 -47.508160 nan 
5 19.224096 nan 19.224096 -19.062248 nan -87.126147 -25.868638 -10.809086 -27.698978 nan 
6 28.232534 nan 28.232534 0.437017 nan -59.576069 -5.564291 35.662096 -10.859241 nan 
7 22.949960 nan 22.949960 11.022196 nan -43.003493 5.619627 65.442157 4.436935 nan 
8 23.106397 nan 23.106397 19.416327 nan -29.729900 14.501704 87.023815 17.583471 nan 
9 10.215912 nan 10.215912 17.115981 nan -31.976145 12.206768 86.901762 19.225255 nan 
10 22.680041 nan 22.680041 302.071190 nan 259.251344 297.789205 5.993560 27.755099 nan 
11 15.312427 nan 15.312427 127.439630 nan 82.800176 122.975685 83.498861 35.152606 nan 
12 9.225976 nan 9.225976 24.456768 nan -15.671157 20.443975 113.776031 37.049114 nan 
13 3.023614 nan 3.023614 25.970189 nan -12.883344 22.084836 85.193696 31.173940 nan 
14 -9.289488 nan -9.289488 14.153799 nan -22.499080 10.488511 48.673295 15.970681 nan 
15 -7.324606 nan -7.324606 12.115486 nan -16.174525 9.286485 29.751071 14.545774 nan 
16 -17.028684 nan -17.028684 -1.817118 nan -21.898740 -3.825280 -4.241496 2.803113 nan 
17 -23.404050 nan -23.404050 -19.807979 nan -34.705446 -21.297725 -35.093038 -12.559237 nan 
18 -34.745707 nan -34.745707 -30.262662 nan -52.106349 -32.447031 -63.745199 -25.772064 nan 
19 -31.608880 nan -31.608880 -14.685319 nan -34.816157 -16.698403 -44.701995 -15.746207 nan 
20 -19.493375 nan -19.493375 -17.735928 nan -37.941633 -19.756498 -41.849978 -17.063388 nan 
21 -13.728190 nan -13.728190 -19.619976 nan -40.069549 -21.664934 -40.507475 -18.448310 nan 
22 -9.822337 nan -9.822337 -21.504809 nan -43.076854 -23.662014 -40.214412 -20.162351 nan 
23 -9.946039 nan -9.946039 -23.391560 nan -45.881844 -25.640589 -40.391008 -21.952626 nan 
24 -6.157007 nan -6.157007 -33.843863 nan -58.086364 -36.268113 -48.129534 -31.050727 nan 
25 -20.457594 nan -20.457594 -33.207686 nan -60.275575 -35.914475 -46.559331 -30.727838 nan 
26 -19.480681 nan -19.480681 -39.316257 nan -72.339201 -42.618551 -49.730457 -35.109535 nan 
27 -9.284840 nan -9.284840 -21.939183 nan -56.301247 -25.375389 -42.807337 -29.129168 nan 
28 56.968671 nan 56.968671 -33.997993 nan -69.668033 -37.564997 -28.148775 -27.495632 nan 
29 97.546683 nan 97.546683 -24.928090 nan -63.735068 -28.808788 2.801348 -16.234005 nan 
30 27.325528 nan 27.325528 -11.538613 nan -54.004923 -15.785244 34.818460 -2.183034 nan 
31 27.821124 nan 27.821124 10.524454 nan -27.621325 6.709876 66.844965 17.067808 nan 
32 28.736803 nan 28.736803 25.338313 nan -6.707971 22.133685 91.956343 33.170079 nan 
33 26.152030 nan 26.152030 35.065783 nan 33.179981 34.877202 101.137268 46.697135 nan 
34 22.783743 nan 22.783743 303.724790 nan 275.324931 300.884804 13.713356 46.515718 nan 
35 15.159341 nan 15.159341 78.619506 nan 88.919928 79.649549 88.221214 58.675870 nan 
36 8.200774 nan 8.200774 -6.848039 nan 5.505341 -5.612701 113.924189 55.662466 nan 
37 1.502172 nan 1.502172 11.647856 nan 12.132093 11.696279 85.020419 50.824972 nan 
38 -2.782776 nan -2.782776 15.601280 nan 12.840647 15.325217 55.997905 43.958734 nan 
39 -10.696113 nan -10.696113 13.110788 nan 10.540264 12.853735 21.049325 35.213791 nan 
40 -11.835482 nan -11.835482 4.527160 nan 7.369145 4.811359 -0.767802 22.310515 nan 
41 -22.746591 nan -22.746591 -4.388716 nan 3.764891 -3.573355 -25.019954 9.207383 nan 
42 -37.500824 nan -37.500824 -8.981753 nan 5.791557 -7.504422 -30.905139 3.114822 nan 
43 -33.196648 nan -33.196648 -11.582549 nan 0.884783 -10.335816 -30.126703 -1.334264 nan 
44 -19.414175 nan -19.414175 -14.438415 nan -17.818233 -14.776397 -34.337127 -8.763446 nan 
45 15.903353 nan 15.903353 -14.113823 nan -16.734756 -14.375916 -32.055373 -8.681069 nan 
46 -4.003307 nan -4.003307 -20.620024 nan -22.285125 -20.786534 -37.121246 -15.581733 nan 
47 0.106942 nan 0.106942 -25.199086 nan -29.839099 -25.663088 -40.585247 -20.601548 nan 
48 -9.841860 nan -9.841860 -49.489920 nan -53.573529 -49.898281 -42.370112 -23.772923 nan 
49 -9.465698 nan -9.465698 -50.011990 nan -58.168414 -50.827633 -41.508707 -24.170195 nan 
50 -3.511520 nan -3.511520 -25.969624 nan -42.838343 -27.656496 -45.867548 -29.587264 nan 
51 -5.190612 nan -5.190612 -29.053926 nan -51.054754 -31.254009 -46.021483 -30.775857 nan 
52 1.862626 nan 1.862626 -59.184560 nan -91.940021 -62.460106 -49.989133 -38.621991 nan 
53 21.651857 nan 21.651857 -35.569992 nan -74.311537 -39.444147 -24.248034 -22.732427 nan 
54 8.817122 nan 8.817122 -28.919698 nan -64.224177 -32.450145 -15.274952 -12.534635 nan 
55 10.797207 nan 10.797207 -42.200017 nan -81.665075 -46.146523 1.576158 -4.928942 nan 
56 -15.239758 nan -15.239758 -120.157299 nan -130.162630 -121.157832 -20.367281 -7.128747 nan 
57 23.058787 nan 23.058787 -273.103138 nan -212.857050 -267.078529 6.743715 2.178598 nan 
58 8.366297 nan 8.366297 -39.244255 nan -213.581099 -56.677940 -3.086515 10.549424 nan 
59 24.473449 nan 24.473449 -85.582675 nan -165.926079 -93.617015 42.684917 21.914312 nan 
60 6.467108 nan 6.467108 -24.401731 nan -49.194625 -26.881020 58.673969 22.899090 nan 
61 2.829880 nan 2.829880 8.535556 nan -28.048027 4.877198 53.856682 18.923982 nan 
62 3.002725 nan 3.002725 4.037447 nan -21.074519 1.526251 49.520259 11.687475 nan 
63 -7.600536 nan -7.600536 -2.007588 nan -21.477717 -3.954601 23.423766 4.975031 nan 
64 -20.206196 nan -20.206196 -16.164555 nan -29.836766 -17.531776 -15.280830 -7.710259 nan 
65 -24.919389 nan -24.919389 -34.264450 nan -46.815365 -35.519542 -48.661219 -21.795622 nan 
66 -14.886641 nan -14.886641 -44.269921 nan -62.773451 -46.120274 -58.899035 -32.668581 nan 
67 -24.600260 nan -24.600260 -16.236912 nan -37.435319 -18.356753 -44.760910 -24.242444 nan 
68 -16.415008 nan -16.415008 -20.189548 nan -39.442733 -22.114866 -43.827330 -25.751385 nan 
69 1.049696 nan 1.049696 -23.486420 nan -38.996715 -25.037450 -39.375096 -23.089255 nan 
70 -7.142778 nan -7.142778 -25.107703 nan -41.650656 -26.761998 -39.812671 -24.883531 nan 
71 -3.349544 nan -3.349544 -31.996712 nan -49.783283 -33.775369 -39.219581 -25.404358 nan 
72 -3.995361 nan -3.995361 -28.955210 nan -49.016917 -30.961380 -38.420778 -25.551196 nan 
73 -5.414394 nan -5.414394 -27.981101 nan -49.547465 -30.137737 -38.565505 -26.539619 nan 
74 -4.210897 nan -4.210897 -43.921913 nan -65.103480 -46.040070 -38.757501 -27.497556 nan 
75 -6.002833 nan -6.002833 -76.547954 nan -112.249417 -80.118101 -51.856051 -41.103356 nan 
76 -0.574349 nan -0.574349 -64.039097 nan -105.125744 -68.147762 -43.844093 -35.381714 nan 
77 3.532371 nan 3.532371 -73.657906 nan -101.512984 -76.443414 -29.176463 -27.537347 nan 
78 -2.421733 nan -2.421733 -55.605380 nan -98.029606 -59.847803 -25.268562 -18.773192 nan 
79 -3.191158 nan -3.191158 -157.528149 nan -148.412710 -156.616605 -2.993678 -5.828826 nan 
80 10.200483 nan 10.200483 -85.933315 nan -133.936246 -90.733608 10.421886 1.826723 nan 
81 21.316031 nan 21.316031 -46.133807 nan -97.131598 -51.233586 37.093889 11.118570 nan 
82 2.347029 nan 2.347029 59.256898 nan -39.583605 49.372847 -3.483609 9.988007 nan 
83 10.434321 nan 10.434321 -22.638519 nan -72.361886 -27.610856 28.317468 18.779361 nan 
84 5.304886 nan 5.304886 -29.020461 nan -50.412787 -31.159694 40.145725 20.726313 nan 
85 0.481855 nan 0.481855 -7.095149 nan -32.086061 -9.594240 25.283059 16.881585 nan 
86 -3.411484 nan -3.411484 -6.524288 nan -29.820816 -8.853941 12.300660 12.400461 nan 
87 -16.268153 nan -16.268153 -20.885073 nan -37.775148 -22.574081 -5.502085 0.446440 nan 
88 -17.178748 nan -17.178748 -30.158781 nan -41.484567 -31.291360 -17.208437 -8.627090 nan 
89 -20.573804 nan -20.573804 -61.903312 nan -89.961493 -64.709130 -24.896707 -16.500977 nan 
90 -18.661102 nan -18.661102 -111.939955 nan -104.462497 -111.192209 -34.924779 -20.769327 nan 
91 -7.168864 nan -7.168864 -90.212032 nan -109.703213 -92.161150 -32.058391 -20.332703 nan 
92 -4.552150 nan -4.552150 -51.328665 nan -63.713072 -52.567105 -31.389631 -20.944909 nan 
93 -17.215998 nan -17.215998 -14.640807 nan -34.079448 -16.584671 -25.989387 -16.633447 nan 
94 -13.635646 nan -13.635646 -16.337797 nan -38.695342 -18.573552 -28.977583 -20.297102 nan 
95 -1.460982 nan -1.460982 -20.634744 nan -39.816479 -22.552918 -28.506072 -20.417881 nan 
96 -0.841485 nan -0.841485 -32.555103 nan -49.664330 -34.266026 -28.637316 -21.068696 nan 
97 2.910926 nan 2.910926 -37.535016 nan -51.393651 -38.920880 -26.821785 -19.723750 nan 
98 -9.809154 nan -9.809154 -71.342773 nan -68.171791 -71.025675 -28.386298 -21.727217 nan 
99 1.163940 nan 1.163940 -105.805845 nan -98.184158 -105.043676 -24.847325 -18.590239 nan 
100 -1.566291 nan -1.566291 -197.139628 nan -218.744261 -199.300091 -27.521739 -21.889956 nan 
101 -3.344502 nan -3.344502 -163.749016 nan -197.828740 -167.156988 -23.264205 -18.568072 nan 
102 -0.721480 nan -0.721480 -132.301147 nan -175.802310 -136.651263 -21.216988 -15.898749 nan 
103 -4.962771 nan -4.962771 -110.077055 nan -156.696799 -114.739029 -13.636147 -11.185845 nan 
104 -16.189551 nan -16.189551 -102.262606 nan -155.403007 -107.576646 -13.684669 -11.748163 nan 
105 -19.360638 nan -19.360638 -83.243057 nan -133.007080 -88.219459 0.058131 -5.316498 nan 
106 -28.450945 nan -28.450945 -82.296795 nan -115.554042 -85.622520 -10.720320 -4.350350 nan 
107 -85.043595 nan -85.043595 -150.754581 nan -113.200905 -146.999214 29.144344 17.020105 nan 
108 -86.380146 nan -86.380146 -125.874633 nan -137.670388 -127.054208 0.721510 2.522825 nan 
109 -26.911774 nan -26.911774 -60.562059 nan -81.144761 -62.620329 25.451029 8.767371 nan 
110 -30.745514 nan -30.745514 -60.804349 nan -81.955942 -62.919508 -11.561438 -0.393154 nan 
111 -14.015190 nan -14.015190 -77.950357 nan -104.990634 -80.654385 -12.491450 -7.575225 nan 
112 -1.485237 nan -1.485237 -61.704705 nan -81.312166 -63.665451 -6.164221 -7.702083 nan 
113 -6.215712 nan -6.215712 -66.348350 nan -88.956129 -68.609128 -10.185754 -10.923872 nan 
114 -9.752871 nan -9.752871 -78.976036 nan -104.553902 -81.533823 -23.665598 -15.794332 nan 
115 -17.808758 nan -17.808758 -25.271684 nan -41.974489 -26.941964 -21.312920 -15.403699 nan 
116 -13.855138 nan -13.855138 -27.979921 nan -44.855046 -29.667434 -23.479384 -18.286209 nan 
117 -3.889508 nan -3.889508 -63.912847 nan -86.756982 -66.197260 -23.368885 -18.682229 nan 
118 -21.444574 nan -21.444574 -80.359807 nan -106.267972 -82.950623 -27.650995 -23.348940 nan 
119 -1.003470 nan -1.003470 -85.333730 nan -112.065973 -88.006954 -25.425715 -21.432914 nan 
120 -16.264455 nan -16.264455 -80.426146 nan -109.551372 -83.338668 -26.419207 -22.689951 nan 
121 -6.731584 nan -6.731584 -82.195900 nan -112.257866 -85.202097 -25.630307 -22.136366 nan 
122 -15.980725 nan -15.980725 -114.282741 nan -143.235459 -117.178013 -31.402862 -28.116737 nan 
123 -0.924193 nan -0.924193 -160.926693 nan -182.086915 -163.042715 -32.176725 -29.080415 nan 
124 24.316892 nan 24.316892 -142.860813 nan -139.952577 -142.569990 -22.604329 -24.518980 nan 
125 5.461800 nan 5.461800 -114.662672 nan -139.386242 -117.135029 -5.958268 -16.598256 nan 
126 4.910632 nan 4.910632 -95.068444 nan -140.118950 -99.573495 16.324814 -6.879677 nan 
127 -11.661334 nan -11.661334 -104.287199 nan -164.054175 -110.263896 22.534427 3.167768 nan 
128 18.913277 nan 18.913277 -57.364245 nan -105.713922 -62.199212 43.393218 11.434598 nan 
129 24.726790 nan 24.726790 -21.255500 nan -65.293973 -25.659347 49.013463 26.842810 nan 
130 23.728595 nan 23.728595 -227.095049 nan -50.979721 -209.483516 28.165702 38.007980 nan 
131 2.804143 nan 2.804143 -12.927608 nan -138.960380 -25.530885 55.493121 39.941487 nan 
132 -2.797470 nan -2.797470 15.900677 nan -36.185415 10.692068 53.004216 35.372012 nan 
133 1.885308 nan 1.885308 28.661526 nan -27.311170 23.064257 42.812549 33.013614 nan 
134 -0.011400 nan -0.011400 21.517317 nan -21.667370 17.198848 36.028838 24.283785 nan 
135 -7.940446 nan -7.940446 10.616613 nan -19.509747 7.603977 21.465039 12.556426 nan 
136 -12.098619 nan -12.098619 0.482719 nan -19.989982 -1.564551 8.919293 1.311286 nan 
137 -18.371247 nan -18.371247 -8.831295 nan -22.380341 -10.186200 -9.678904 -9.038621 nan 
138 -43.211915 nan -43.211915 -9.519242 nan -22.740238 -10.841341 -33.896523 -14.349712 nan 
139 -36.951609 nan -36.951609 -11.116819 nan -23.599295 -12.365066 -29.779130 -15.299089 nan 
140 -24.680784 nan -24.680784 -12.525489 nan -25.367322 -13.809672 -28.210060 -15.987731 nan 
141 -17.561840 nan -17.561840 -26.020179 nan -42.137754 -27.631936 -36.236172 -25.316181 nan 
142 -14.783303 nan -14.783303 -21.975028 nan -38.656309 -23.643156 -33.081682 -23.235112 nan 
143 -10.446574 nan -10.446574 -20.231692 nan -36.769152 -21.885438 -31.955311 -22.804706 nan 
144 -4.589022 nan -4.589022 -19.919228 nan -34.991837 -21.426489 -31.452543 -23.076145 nan 
145 -4.887585 nan -4.887585 -22.349474 nan -38.592437 -23.973770 -32.349262 -24.539722 nan 
146 -7.673341 nan -7.673341 -22.655450 nan -39.287506 -24.318655 -31.632942 -24.330110 nan 
147 -10.233035 nan -10.233035 -21.326381 nan -37.979439 -22.991687 -29.308899 -22.476589 nan 
148 44.567492 nan 44.567492 -15.124992 nan -31.080133 -16.720506 -9.952278 -14.849392 nan 
149 69.476879 nan 69.476879 -21.198898 nan -46.848501 -23.763858 9.546547 -12.120982 nan 
150 25.006350 nan 25.006350 -4.800015 nan -32.975223 -7.617536 37.320965 3.249443 nan 
151 15.633015 nan 15.633015 6.221381 nan -21.681946 3.431048 54.718683 14.661867 nan 
152 24.893010 nan 24.893010 25.182452 nan 0.650587 22.729265 83.753079 31.754701 nan 
153 13.157825 nan 13.157825 36.795908 nan 16.684034 34.784721 79.384819 43.609778 nan 
154 12.688605 nan 12.688605 214.157296 nan 200.745910 212.816158 19.530464 42.729390 nan 
155 15.543104 nan 15.543104 77.455304 nan 96.043246 79.314098 79.244519 47.968799 nan 
156 6.987302 nan 6.987302 3.609892 nan 17.217689 4.970672 103.556572 49.943857 nan 
157 4.174865 nan 4.174865 15.475771 nan 20.411162 15.969310 89.230708 43.621176 nan 
158 -3.381606 nan -3.381606 15.778501 nan 20.288477 16.229498 61.305636 37.131074 nan 
159 -9.050004 nan -9.050004 10.357739 nan 17.632389 11.085204 35.870338 27.457628 nan 
160 -16.929627 nan -16.929627 -2.787590 nan 11.048263 -1.404005 9.204519 11.012489 nan 
161 -22.974814 nan -22.974814 -15.073007 nan 1.584721 -13.407234 -21.209008 -2.494656 nan 
162 -39.852482 nan -39.852482 -16.294974 nan -6.629597 -15.328436 -46.441791 -11.482933 nan 
163 -35.938163 nan -35.938163 -18.672493 nan -11.677065 -17.972950 -41.108258 -13.945792 nan 
164 -23.632012 nan -23.632012 -25.081351 nan -20.053333 -24.578549 -41.968703 -18.849883 nan 
165 -16.436985 nan -16.436985 -20.455854 nan -18.938406 -20.304110 -37.703315 -17.103408 nan 
166 -8.359609 nan -8.359609 -19.106499 nan -18.754286 -19.071278 -36.258782 -17.093243 nan 
167 -10.411039 nan -10.411039 -16.172525 nan -17.508305 -16.306103 -32.771689 -15.556386 nan 
168 6.886156 nan 6.886156 -20.370116 nan -20.862526 -20.419357 -36.531228 -20.456560 nan 
169 -0.976059 nan -0.976059 -22.944862 nan -25.060491 -23.156425 -37.529371 -22.542175 nan 
170 -14.385812 nan -14.385812 -22.306773 nan -26.081826 -22.684278 -36.237364 -22.246080 nan 
171 -8.059902 nan -8.059902 -20.331286 nan -24.824910 -20.780648 -33.485753 -20.377112 nan 
172 43.149724 nan 43.149724 -13.866443 nan -18.237688 -14.303567 -14.959994 -12.635479 nan 
173 48.066091 nan 48.066091 -19.957265 nan -31.034248 -21.064964 6.534032 -10.548847 nan 
174 30.043777 nan 30.043777 -0.590512 nan -14.704733 -2.001934 41.349997 5.796733 nan 
175 26.673290 nan 26.673290 14.591576 nan 0.095525 13.141971 67.034553 20.822345 nan 
176 9.978638 nan 9.978638 22.086219 nan 10.515224 20.929120 89.156421 29.540536 nan 
177 16.759560 nan 16.759560 34.918429 nan 40.942247 35.520810 90.525434 42.986314 nan 
178 21.950691 nan 21.950691 288.698728 nan 301.323542 289.961209 15.512260 45.511185 nan 
179 11.194999 nan 11.194999 83.950831 nan 131.464325 88.702180 87.984154 53.625233 nan 
180 3.730916 nan 3.730916 -0.730532 nan 29.046080 2.247129 107.871448 54.326509 nan 
181 -4.022625 nan -4.022625 15.214099 nan 31.383193 16.831009 64.556370 49.115982 nan 
182 7.420646 nan 7.420646 12.430154 nan 27.916382 13.978777 65.091018 37.323495 nan 
183 -8.445941 nan -8.445941 8.847485 nan 25.866931 10.549430 34.576657 28.290673 nan 
184 -13.736205 nan -13.736205 3.356799 nan 20.564512 5.077570 10.080328 17.430960 nan 
185 -20.568446 nan -20.568446 -2.843217 nan 15.863763 -0.972519 -16.711756 7.274573 nan 
186 -51.273901 nan -51.273901 -11.386902 nan 3.752199 -9.872991 -44.769727 -5.646382 nan 
187 -37.965915 nan -37.965915 -14.792568 nan -3.113746 -13.624685 -41.473701 -10.565277 nan 
188 -20.661103 nan -20.661103 -14.715329 nan -5.327296 -13.776526 -38.614623 -11.577679 nan 
189 -14.312980 nan -14.312980 -16.343752 nan -7.109746 -15.420351 -38.277058 -13.908118 nan 
190 -13.063284 nan -13.063284 -18.399624 nan -9.487889 -17.508451 -38.842510 -16.531753 nan 
191 -11.393881 nan -11.393881 -20.839953 nan -12.838191 -20.039777 -39.934215 -19.258328 nan 
192 -6.325451 nan -6.325451 -33.603107 nan -25.218038 -32.764600 -47.174860 -27.921354 nan 
193 -15.333399 nan -15.333399 -22.893146 nan -21.115532 -22.715385 -42.567515 -24.956617 nan 
194 -13.312737 nan -13.312737 -16.325579 nan -17.982846 -16.491306 -39.294587 -22.804757 nan 
195 -8.143594 nan -8.143594 -18.072520 nan -18.260356 -18.091304 -38.431300 -22.827608 nan 
196 44.277010 nan 44.277010 -21.798729 nan -23.936668 -22.012523 -25.500248 -21.889595 nan 
197 31.404951 nan 31.404951 -19.152316 nan -27.804730 -20.017558 -0.234782 -14.679393 nan 
198 18.675937 nan 18.675937 -12.875646 nan -23.618817 -13.949963 17.552336 -6.586602 nan 
199 26.846458 nan 26.846458 13.462424 nan 4.749966 12.591179 50.526929 15.052223 nan 
200 18.134050 nan 18.134050 23.858456 nan 17.229109 23.195522 64.665206 26.807118 nan 
201 14.611033 nan 14.611033 33.683677 nan 28.255628 33.140872 61.436582 38.473035 nan 
202 19.928647 nan 19.928647 235.022015 nan 238.010888 235.320903 10.898171 36.231809 nan 
203 14.082180 nan 14.082180 77.587003 nan 111.181465 80.946449 74.575614 44.467919 nan 
204 7.287409 nan 7.287409 -2.227926 nan 21.777910 0.172657 109.163227 41.506065 nan 
205 0.358538 nan 0.358538 13.258853 nan 24.257145 14.358682 73.966049 38.893268 nan 
206 3.220700 nan 3.220700 13.319574 nan 20.670640 14.054680 63.500144 31.110165 nan 
207 -10.888235 nan -10.888235 8.529999 nan 18.517810 9.528780 29.342436 21.778585 nan 
208 -15.235561 nan -15.235561 -1.192761 nan 15.101946 0.436709 0.474202 9.311620 nan 
209 -25.734450 nan -25.734450 -14.831455 nan 5.834061 -12.764904 -33.083438 -5.657440 nan 
210 -46.272654 nan -46.272654 -8.406840 nan -4.507853 -8.016941 -47.039009 -8.467936 nan 
211 -32.435810 nan -32.435810 -18.784181 nan -9.786705 -17.884434 -51.156698 -19.783718 nan 
212 -22.289448 nan -22.289448 -13.190070 nan -11.106082 -12.981671 -41.812642 -14.639910 nan 
213 -18.197499 nan -18.197499 -29.238018 nan -18.386505 -28.152867 -52.128190 -27.122573 nan 
214 -17.787999 nan -17.787999 -37.078627 nan -32.066477 -36.577412 -54.442401 -31.914862 nan 
215 -11.938759 nan -11.938759 -39.315770 nan -39.038828 -39.288076 -55.206511 -34.386519 nan 
216 -7.572131 nan -7.572131 -42.458112 nan -45.687594 -42.781060 -56.665574 -37.249881 nan 
217 -3.388163 nan -3.388163 -28.740233 nan -33.162743 -29.182484 -51.512763 -33.542022 nan 
218 -8.298927 nan -8.298927 -32.361771 nan -38.260988 -32.951693 -49.128567 -32.512234 nan 
219 6.217059 nan 6.217059 -25.782595 nan -34.715867 -26.675923 -44.674722 -29.123807 nan 
220 19.067698 nan 19.067698 -60.635958 nan -76.992104 -62.271573 -44.830178 -33.297895 nan 
221 3.887431 nan 3.887431 -44.762497 nan -67.608558 -47.047103 -26.645251 -22.375448 nan 
222 32.558097 nan 32.558097 -23.114330 nan -46.755011 -25.478398 -5.049612 -14.882676 nan 
223 28.197421 nan 28.197421 10.077193 nan -17.320832 7.337390 37.837933 5.660709 nan 
224 20.557453 nan 20.557453 22.289259 nan -6.384359 19.421897 71.652974 17.200479 nan 
225 7.559860 nan 7.559860 27.579379 nan -2.602616 24.561179 60.560612 24.881073 nan 
226 14.740068 nan 14.740068 260.671969 nan 234.060850 258.010857 -2.910332 20.292610 nan 
227 9.448266 nan 9.448266 63.729656 nan 73.021306 64.658821 69.085353 28.729375 nan 
228 3.714773 nan 3.714773 -21.030495 nan -12.708746 -20.198320 96.870285 29.415486 nan 
229 7.729869 nan 7.729869 0.380186 nan -0.958762 0.246291 77.959893 27.625291 nan 
230 -4.243185 nan -4.243185 3.032102 nan 2.427095 2.971601 46.006869 21.862640 nan 
231 -7.967608 nan -7.967608 -2.879636 nan -0.425193 -2.634192 19.902528 11.829535 nan 
232 -15.525923 nan -15.525923 -13.571288 nan -7.012707 -12.915430 -9.878767 -0.832531 nan 
233 -23.224078 nan -23.224078 -27.354024 nan -17.886745 -26.407296 -39.536672 -14.634101 nan 
234 -37.872571 nan -37.872571 -20.835818 nan -21.118069 -20.864043 -61.900599 -22.130472 nan 
235 -34.065101 nan -34.065101 -19.785572 nan -21.190110 -19.926026 -53.120847 -21.298734 nan 
236 -16.383645 nan -16.383645 -24.514307 nan -26.254218 -24.688298 -52.853399 -25.124132 nan 
237 -12.477184 nan -12.477184 -27.397404 nan -30.549757 -27.712639 -52.512250 -27.592512 nan 
238 -11.690040 nan -11.690040 -29.138300 nan -34.105527 -29.635022 -52.047439 -29.250523 nan 
239 -15.965279 nan -15.965279 -28.442100 nan -35.449754 -29.142865 -50.003933 -28.944495 nan 
240 -6.045678 nan -6.045678 -32.111258 nan -40.023558 -32.902488 -51.679235 -32.055081 nan 
241 -9.085683 nan -9.085683 -32.057890 nan -42.640106 -33.116112 -50.377723 -32.060499 nan 
242 -16.790347 nan -16.790347 -29.975449 nan -41.707320 -31.148636 -47.416772 -30.289939 nan 
243 -16.182819 nan -16.182819 -26.883598 nan -39.671800 -28.162418 -43.891939 -27.851400 nan 
244 46.535839 nan 46.535839 -40.844567 nan -56.258302 -42.385941 -33.220471 -29.001562 nan 
245 12.543924 nan 12.543924 -28.091289 nan -54.216802 -30.703840 -5.847161 -19.663626 nan 
246 30.729254 nan 30.729254 -7.698598 nan -36.100769 -10.538815 30.428950 -2.401092 nan 
247 28.916839 nan 28.916839 6.694992 nan -20.508561 3.974637 61.010797 12.398817 nan 
248 21.755848 nan 21.755848 13.199044 nan -11.355654 10.743574 80.880447 21.751332 nan 
249 21.438968 nan 21.438968 29.982873 nan 7.809595 27.765545 95.233886 35.883013 nan 
250 19.373939 nan 19.373939 298.242439 nan 299.010225 298.319218 2.733262 36.143670 nan 
251 11.417353 nan 11.417353 80.721533 nan 112.354850 83.884865 85.955056 46.539116 nan 
252 8.672123 nan 8.672123 -5.441998 nan 10.693110 -3.828487 116.677078 51.393516 nan 
253 0.036873 nan 0.036873 12.976670 nan 17.376104 13.416613 81.913210 48.101951 nan 
254 -4.011414 nan -4.011414 12.161786 nan 17.058347 12.651443 55.714810 38.115293 nan 
255 -12.317136 nan -12.317136 6.050059 nan 14.576218 6.902674 23.691317 26.420170 nan 
256 -17.927040 nan -17.927040 -3.648546 nan 10.242254 -2.259466 -7.256313 13.256761 nan 
257 -22.716021 nan -22.716021 -13.709535 nan 5.492010 -11.789381 -33.350867 0.309367 nan 
258 -35.496877 nan -35.496877 -9.841850 nan -3.307271 -9.188392 -43.171357 -3.655263 nan 
259 -33.569908 nan -33.569908 -11.321585 nan 2.013843 -9.988042 -38.863986 -5.910409 nan 
260 -24.796893 nan -24.796893 -13.419594 nan -1.495687 -12.227204 -38.029211 -8.908121 nan 
261 -16.101472 nan -16.101472 -13.646934 nan -2.920583 -12.574299 -36.214868 -9.811213 nan 
262 -16.512899 nan -16.512899 -13.832049 nan -4.062756 -12.855119 -35.259251 -10.990418 nan 
263 -15.310783 nan -15.310783 -14.148460 nan -13.403170 -14.073931 -34.602847 -12.109266 nan 
264 -12.287526 nan -12.287526 -18.820532 nan -15.492082 -18.487687 -39.710350 -18.732893 nan 
265 -11.765612 nan -11.765612 -25.979849 nan -21.925751 -25.574439 -42.915901 -22.970867 nan 
266 -13.532434 nan -13.532434 -32.552127 nan -31.269964 -32.423911 -44.341597 -25.811306 nan 
267 -9.713068 nan -9.713068 -27.796657 nan -29.788921 -27.995884 -41.164205 -23.889814 nan 
268 45.936583 nan 45.936583 -20.654852 nan -23.714023 -20.960769 -22.032931 -16.604245 nan 
269 105.028590 nan 105.028590 -11.016205 nan -17.351445 -11.649729 5.855196 -6.143566 nan 
270 30.125796 nan 30.125796 3.158826 nan -7.472078 2.095735 39.540419 8.383526 nan 
271 26.169841 nan 26.169841 16.421481 nan 3.439435 15.123277 68.388634 22.142925 nan 
272 27.169649 nan 27.169649 26.869847 nan 31.485852 27.331448 91.818847 35.199871 nan 
273 23.434575 nan 23.434575 35.108677 nan 42.625745 35.860384 103.604471 47.114160 nan 
274 18.524418 nan 18.524418 302.509447 nan 312.136193 303.472122 12.444358 47.605386 nan 
275 9.514396 nan 9.514396 75.711435 nan 113.873829 79.527674 82.014393 57.271879 nan 
276 8.533598 nan 8.533598 0.373604 nan 23.264680 2.662711 104.388065 55.848682 nan 
277 3.394423 nan 3.394423 17.393368 nan 24.109454 18.064977 79.653381 50.559455 nan 
278 -2.950506 nan -2.950506 17.681520 nan 20.893040 18.002672 56.894805 41.052343 nan 
279 -6.073740 nan -6.073740 11.534743 nan 16.574808 12.038750 34.903928 29.079686 nan 
280 -12.985718 nan -12.985718 3.653955 nan 14.130830 4.701642 5.272003 17.044025 nan 
281 -22.501709 nan -22.501709 -2.226637 nan 7.472236 -1.256750 -21.484276 6.849195 nan 
282 -51.169405 nan -51.169405 -11.369649 nan -2.842586 -10.516943 -46.509449 -6.147570 nan 
283 -38.643179 nan -38.643179 -11.313068 nan 7.394749 -9.442286 -37.829795 -5.534028 nan 
284 -20.388455 nan -20.388455 -11.569175 nan 5.179830 -9.894274 -32.238175 -3.694248 nan 
285 -14.314095 nan -14.314095 -11.807535 nan 3.420147 -10.284767 -33.190522 -7.296430 nan 
286 -10.040577 nan -10.040577 -12.204177 nan 1.843062 -10.799453 -34.827014 -11.037793 nan 
287 -7.666114 nan -7.666114 -12.880308 nan 0.092390 -11.583039 -37.016426 -14.971675 nan 
288 -5.537195 nan -5.537195 -18.791381 nan -13.014497 -18.213692 -43.106110 -22.577090 nan 
289 -8.699989 nan -8.699989 -23.179180 nan -17.753920 -22.636654 -45.438228 -26.279642 nan 
290 -8.839775 nan -8.839775 -25.344795 nan -21.926243 -25.002940 -46.253649 -28.321774 nan 
291 -5.506328 nan -5.506328 -26.111606 nan -24.435948 -25.944040 -45.772163 -28.960299 nan 
292 34.295671 nan 34.295671 -20.581842 nan -19.636032 -20.487261 -27.583373 -22.258380 nan 
293 28.258002 nan 28.258002 -30.142221 nan -37.001863 -30.828185 -8.679080 -20.882979 nan 
294 28.797707 nan 28.797707 -5.563184 nan -17.459387 -6.752804 28.544446 -2.748265 nan 
295 28.308564 nan 28.308564 11.506501 nan -2.014621 10.154388 59.698542 13.309361 nan 
296 24.676888 nan 24.676888 23.589788 nan 9.787827 22.209592 81.852322 26.218207 nan 
297 6.163076 nan 6.163076 28.104730 nan 16.521682 26.946425 87.361432 30.809656 nan 
298 19.315411 nan 19.315411 300.176419 nan 310.637486 301.222525 2.579467 36.371923 nan 
299 15.317128 nan 15.317128 83.542117 nan 123.550275 87.542933 82.762198 43.622780 nan 
300 4.284376 nan 4.284376 -7.183763 nan 17.937863 -4.671600 110.565221 44.947305 nan 
301 2.294767 nan 2.294767 8.224660 nan 21.368172 9.539011 83.033936 38.640697 nan 
302 -3.031275 nan -3.031275 9.094767 nan 20.883853 10.273675 54.321305 30.684683 nan 
303 -9.771376 nan -9.771376 2.527889 nan 17.594695 4.034570 23.365462 19.432479 nan 
304 -22.998837 nan -22.998837 -12.690590 nan 9.563526 -10.465178 -13.765818 2.609974 nan 
305 -25.120709 nan -25.120709 -16.743852 nan 3.822665 -14.687200 -37.762096 -7.020580 nan 
306 -37.792034 nan -37.792034 -9.887696 nan -7.653888 -9.664315 -53.468854 -9.977612 nan 
307 -29.298335 nan -29.298335 -17.060513 nan -9.016829 -16.256145 -53.249911 -17.890736 nan 
308 -17.365849 nan -17.365849 -21.319222 nan -12.417232 -20.429023 -52.975249 -22.062095 nan 
309 -11.923446 nan -11.923446 -24.561142 nan -17.000353 -23.805063 -53.370219 -25.496481 nan 
310 -6.843559 nan -6.843559 -26.620640 nan -20.828402 -26.041416 -53.296343 -27.738058 nan 
311 -8.767771 nan -8.767771 -27.884376 nan -24.025180 -27.498457 -52.848540 -29.210994 nan 
312 -11.799152 nan -11.799152 -30.855902 nan -29.040027 -30.674314 -54.072868 -32.092526 nan 
313 -11.352541 nan -11.352541 -32.353527 nan -33.098604 -32.428035 -54.077083 -33.562986 nan 
314 -12.464272 nan -12.464272 -33.224668 nan -36.249950 -33.527196 -53.817962 -34.621355 nan 
315 -8.275711 nan -8.275711 -32.755892 nan -37.997645 -33.280067 -52.241916 -34.243261 nan 
316 38.571268 nan 38.571268 -26.790771 nan -33.387335 -27.450428 -33.744768 -27.273594 nan 
317 10.575189 nan 10.575189 -38.650356 nan -58.147127 -40.600034 -14.629157 -26.765088 nan 
318 26.989481 nan 26.989481 -13.494529 nan -36.498579 -15.794934 21.698813 -8.298659 nan 
319 27.726033 nan 27.726033 3.401532 nan -18.587808 1.202598 52.854746 7.502474 nan 
320 24.559321 nan 24.559321 16.607987 nan -3.493069 14.597881 76.687943 20.540905 nan 
321 16.417224 nan 16.417224 25.320662 nan 7.035457 23.492141 84.639250 28.844416 nan 
322 19.091150 nan 19.091150 296.897349 nan 298.768113 297.084426 0.636243 35.147996 nan 
323 11.692367 nan 11.692367 69.503081 nan 96.053054 72.158078 75.055187 45.013348 nan 
324 3.699032 nan 3.699032 -5.487094 nan 11.428067 -3.795578 92.926694 46.291839 nan 
325 3.116171 nan 3.116171 8.761701 nan 15.473594 9.432891 73.098872 39.508291 nan 
326 -5.726275 nan -5.726275 1.982670 nan 10.715284 2.855932 42.084002 26.772727 nan 
327 -19.245109 nan -19.245109 -14.838379 nan -3.626806 -13.717222 -7.118521 11.452792 nan 
328 -20.410294 nan -20.410294 -21.279319 nan -8.730174 -20.024404 -25.284458 -1.762495 nan 
329 -23.544803 nan -23.544803 -19.569702 nan -5.679680 -18.180700 -38.178741 -9.967832 nan 
330 -46.489863 nan -46.489863 -35.510264 nan -26.400024 -34.599240 -62.795312 -25.407892 nan 
331 -32.803371 nan -32.803371 -26.328292 nan -23.772954 -26.072759 -53.752732 -22.845977 nan 
332 -16.584476 nan -16.584476 -23.638565 nan -21.822500 -23.456958 -49.943261 -21.843737 nan 
333 -14.220352 nan -14.220352 -27.905293 nan -25.376690 -27.652432 -49.884812 -24.322797 nan 
334 -12.048783 nan -12.048783 -30.914033 nan -29.477987 -30.770428 -49.720224 -26.258700 nan 
335 -3.076562 nan -3.076562 -34.855221 nan -34.079617 -34.777661 -50.306003 -28.331057 nan 
336 3.512382 nan 3.512382 -30.301455 nan -32.214209 -30.492730 -49.522530 -29.740100 nan 
337 -7.532427 nan -7.532427 -32.359404 nan -37.027606 -32.826224 -49.390044 -30.905281 nan 
338 -9.137204 nan -9.137204 -30.015188 nan -36.903915 -30.704061 -47.157945 -29.824381 nan 
339 -11.426527 nan -11.426527 -28.528581 nan -36.312980 -29.307021 -44.573566 -28.317854 nan 
340 44.023358 nan 44.023358 -39.801160 nan -48.776747 -40.698719 -35.020943 -29.239494 nan 
341 11.223485 nan 11.223485 -31.867221 nan -51.023537 -33.782853 -8.421640 -20.097359 nan 
342 29.894260 nan 29.894260 -11.088980 nan -36.028369 -13.582919 27.579211 -3.315788 nan 
343 28.984652 nan 28.984652 5.281609 nan -19.898397 2.763609 58.604251 11.836442 nan 
344 24.344828 nan 24.344828 17.618442 nan -5.613831 15.295214 81.130361 24.349546 nan 
345 18.454765 nan 18.454765 28.789671 nan 6.038408 26.514544 83.589209 34.359270 nan 
346 20.848896 nan 20.848896 299.673720 nan 296.976723 299.404020 5.940981 36.912240 nan 
347 13.541982 nan 13.541982 74.728221 nan 108.274720 78.082871 85.875324 45.395005 nan 
348 6.304235 nan 6.304235 -13.139071 nan 8.116303 -11.013534 112.875934 46.424624 nan 
349 4.431992 nan 4.431992 6.497346 nan 12.881806 7.135792 88.573837 41.956757 nan 
350 -4.530395 nan -4.530395 9.023874 nan 12.633569 9.384843 60.385000 34.563621 nan 
351 -10.673195 nan -10.673195 2.163926 nan 9.991320 2.946666 28.063701 22.613180 nan 
352 -16.332197 nan -16.332197 -11.263621 nan 2.794275 -9.857832 -6.536654 7.581843 nan 
353 -24.407435 nan -24.407435 -15.452932 nan -2.430423 -14.150681 -32.930459 -2.547064 nan 
354 -54.317476 nan -54.317476 -28.646702 nan -19.192681 -27.701300 -61.740302 -17.976176 nan 
355 -37.378326 nan -37.378326 -23.347893 nan -21.169980 -23.130102 -52.985530 -17.663928 nan 
356 -22.608069 nan -22.608069 -24.627114 nan -24.530817 -24.617484 -50.257424 -19.359610 nan 
357 -18.227438 nan -18.227438 -25.689554 nan -26.809731 -25.801571 -48.974176 -21.106097 nan 
358 -16.919065 nan -16.919065 -20.248093 nan -23.982157 -20.621500 -43.535130 -18.465116 nan 
359 -16.170409 nan -16.170409 -20.710138 nan -25.004063 -21.139531 -43.629099 -20.530650 nan 
360 -6.794866 nan -6.794866 -23.400294 nan -26.724252 -23.732690 -47.028072 -25.250013 nan 
361 -12.156247 nan -12.156247 -26.645474 nan -31.039764 -27.084903 -47.454273 -27.088311 nan 
362 -12.537833 nan -12.537833 -26.132361 nan -31.379333 -26.657058 -45.551157 -26.472599 nan 
363 -9.931333 nan -9.931333 -26.484739 nan -32.181759 -27.054441 -44.103882 -26.209026 nan 
364 39.094985 nan 39.094985 -29.628723 nan -37.846618 -30.450513 -31.081365 -24.789546 nan 
365 75.357295 nan 75.357295 -29.598031 nan -49.883243 -31.626552 -7.965126 -20.171621 nan 
366 27.295031 nan 27.295031 -11.854787 nan -38.026053 -14.471914 25.767034 -4.714041 nan 
367 13.640745 nan 13.640745 0.217540 nan -26.144191 -2.418633 52.283592 7.510173 nan 
368 25.307651 nan 25.307651 20.078968 nan -3.864039 17.684667 82.310957 25.490289 nan 
369 23.000743 nan 23.000743 30.941958 nan 11.327613 28.980524 95.524634 36.901385 nan 
370 17.988652 nan 17.988652 300.743347 nan 299.664520 300.635464 1.461610 36.047620 nan 
371 13.241554 nan 13.241554 74.695437 nan 106.139109 77.839804 83.508666 44.386035 nan 
372 6.845711 nan 6.845711 -11.990895 nan 7.905099 -10.001296 113.117601 45.895001 nan 
373 -0.610455 nan -0.610455 6.331425 nan 12.826161 6.980899 81.128914 41.161285 nan 
374 -4.743031 nan -4.743031 6.319604 nan 12.881396 6.975783 55.170922 31.969986 nan 
375 -11.882423 nan -11.882423 -0.887003 nan 9.578869 0.159584 22.120911 19.977434 nan 
376 -17.271135 nan -17.271135 -12.781836 nan 2.347981 -11.268854 -10.250466 5.874639 nan 
377 -27.353796 nan -27.353796 -31.101079 nan -10.734702 -29.064441 -44.975921 -11.652162 nan 
378 -44.996799 nan -44.996799 -11.609199 nan -13.217140 -11.769993 -51.479987 -8.349304 nan 
379 -31.584886 nan -31.584886 -16.513707 nan -15.378375 -16.400174 -49.163457 -13.565304 nan 
380 -15.808060 nan -15.808060 -19.922527 nan -17.372882 -19.667562 -48.382665 -17.089688 nan 
381 -9.730392 nan -9.730392 -23.754529 nan -21.235510 -23.502627 -49.480355 -21.182568 nan 
382 -5.140009 nan -5.140009 -27.120179 nan -25.418509 -26.950012 -50.476741 -24.499115 nan 
383 -7.206425 nan -7.206425 -29.839815 nan -29.848600 -29.840694 -51.269234 -27.222759 nan 
384 -4.331608 nan -4.331608 -37.660957 nan -39.436816 -37.838543 -55.864593 -33.473958 nan 
385 -5.092106 nan -5.092106 -38.180592 nan -44.329951 -38.795528 -55.539913 -34.633234 nan 
386 -7.525734 nan -7.525734 -37.412587 nan -45.974500 -38.268779 -54.085075 -34.517640 nan 
387 -10.732117 nan -10.732117 -36.265087 nan -46.761917 -37.314770 -52.096853 -33.772777 nan 
388 24.821648 nan 24.821648 -29.888778 nan -41.431192 -31.043020 -34.183014 -26.688400 nan 
389 9.153617 nan 9.153617 -42.101689 nan -68.432150 -44.734735 -15.419995 -26.580276 nan 
390 26.327495 nan 26.327495 -16.671659 nan -45.918253 -19.596318 20.877594 -8.406725 nan 
391 25.427792 nan 25.427792 1.508017 nan -25.950302 -1.237815 51.816842 8.105686 nan 
392 23.000561 nan 23.000561 13.841735 nan -10.842435 11.373318 76.319085 20.584962 nan 
393 8.397917 nan 8.397917 20.559801 nan -5.362516 17.967569 65.910474 29.499813 nan 
394 12.088348 nan 12.088348 206.924363 nan 183.569713 204.588898 0.846868 37.381019 nan 
395 13.327455 nan 13.327455 65.842747 nan 66.717819 65.930254 60.706979 42.054021 nan 
396 -8.044157 nan -8.044157 -10.984135 nan -3.915132 -10.277235 61.712771 31.794451 nan 
397 2.986432 nan 2.986432 -0.766959 nan -5.343914 -1.224655 43.546997 26.741797 nan 
398 -1.740771 nan -1.740771 -2.026923 nan -4.411032 -2.265334 27.882838 18.929408 nan 
399 -4.428253 nan -4.428253 -3.629628 nan -4.615725 -3.728237 15.300668 12.804903 nan 
400 -22.409925 nan -22.409925 -19.746088 nan -14.334476 -19.204926 -19.260480 -4.246133 nan 
401 -25.266604 nan -25.266604 -26.498107 nan -17.105478 -25.558844 -40.815624 -15.386087 nan 
402 -31.004830 nan -31.004830 -14.245650 nan -15.865110 -14.407596 -50.429603 -16.569952 nan 
403 -26.113048 nan -26.113048 -22.124218 nan -21.370029 -22.048799 -50.375231 -22.108926 nan 
404 -15.809849 nan -15.809849 -25.869847 nan -25.891375 -25.872000 -49.638532 -24.615460 nan 
405 -16.084921 nan -16.084921 -29.316906 nan -31.121690 -29.497385 -50.102145 -27.381450 nan 
406 -10.921391 nan -10.921391 -31.459753 nan -35.594966 -31.873275 -50.436892 -29.504803 nan 
407 -7.580760 nan -7.580760 -33.068767 nan -39.159514 -33.677841 -50.307375 -30.866326 nan 
408 -5.995509 nan -5.995509 -36.147924 nan -43.635351 -36.896667 -51.262183 -33.120231 nan 
409 -11.970411 nan -11.970411 -36.928801 nan -46.538149 -37.889736 -50.915215 -33.956032 nan 
410 -10.688076 nan -10.688076 -36.284345 nan -48.187088 -37.474619 -49.614606 -33.718511 nan 
411 -7.460725 nan -7.460725 -36.041765 nan -49.723121 -37.409901 -48.306658 -33.379471 nan 
412 32.604433 nan 32.604433 -30.858275 nan -45.020965 -32.274544 -31.374450 -26.717551 nan 
413 12.148123 nan 12.148123 -40.086347 nan -67.887169 -42.866429 -11.173129 -24.753012 nan 
414 25.205576 nan 25.205576 -14.959177 nan -44.268943 -17.890153 24.778546 -6.397933 nan 
415 17.070789 nan 17.070789 -1.058583 nan -29.547953 -3.907520 36.142865 8.056566 nan 
416 6.602943 nan 6.602943 0.679723 nan -26.911099 -2.079359 40.746932 13.321957 nan 
417 -7.927731 nan -7.927731 1.280337 nan -16.439250 -0.491621 9.971369 18.410827 nan 
418 12.470533 nan 12.470533 75.952459 nan 40.055481 72.362761 -2.344445 21.578098 nan 
419 1.966092 nan 1.966092 14.606999 nan -0.979481 13.048351 18.726928 17.893437 nan 
420 1.545401 nan 1.545401 -4.420634 nan -6.216673 -4.600238 25.855229 19.740542 nan 
421 4.770984 nan 4.770984 6.696581 nan -0.088097 6.018114 26.750683 21.415411 nan 
422 -5.577906 nan -5.577906 -1.630303 nan -3.768380 -1.844111 17.272894 11.522024 nan 
423 -3.133814 nan -3.133814 -8.269115 nan -8.109002 -8.253104 10.079619 4.641579 nan 
424 -20.605570 nan -20.605570 -25.585686 nan -19.370436 -24.964161 -18.649728 -10.392258 nan 
425 -15.486541 nan -15.486541 -25.572265 nan -21.744301 -25.189468 -30.230454 -14.860768 nan 
426 -16.708710 nan -16.708710 -33.814036 nan -35.838073 -34.016440 -48.695813 -25.974440 nan 
427 -12.834087 nan -12.834087 -16.900811 nan -18.947948 -17.105524 -36.038399 -17.481184 nan 
428 -11.116976 nan -11.116976 -20.095215 nan -21.561651 -20.241859 -34.800910 -18.325343 nan 
429 -15.750118 nan -15.750118 -22.254976 nan -25.496595 -22.579138 -35.568130 -20.576980 nan 
430 -2.123890 nan -2.123890 -21.918304 nan -26.618928 -22.388367 -33.408035 -19.566721 nan 
431 -5.586567 nan -5.586567 -22.081817 nan -27.423547 -22.615990 -32.475765 -19.587991 nan 
432 -4.746291 nan -4.746291 -22.391652 nan -28.513810 -23.003868 -31.663889 -19.611356 nan 
433 -12.132126 nan -12.132126 -23.204414 nan -30.441059 -23.928078 -32.202972 -20.914881 nan 
434 -9.291354 nan -9.291354 -23.582113 nan -31.640450 -24.387946 -31.437842 -20.849297 nan 
435 -11.859232 nan -11.859232 -25.210486 nan -33.835032 -26.072940 -31.945799 -21.994866 nan 
436 32.109366 nan 32.109366 -33.023778 nan -41.798711 -33.901272 -24.957824 -21.180717 nan 
437 61.175966 nan 61.175966 -29.878009 nan -50.450148 -31.935223 -13.344239 -15.558541 nan 
438 24.060819 nan 24.060819 -10.953763 nan -35.514761 -13.409863 15.820363 0.959584 nan 
439 9.476526 nan 9.476526 -3.339938 nan -26.843793 -5.690323 31.241999 9.879939 nan 
440 21.160037 nan 21.160037 16.169219 nan -4.929831 14.059314 54.192172 26.476267 nan 
441 19.665321 nan 19.665321 20.142626 nan 3.111611 18.439524 69.592314 37.137501 nan 
442 6.206852 nan 6.206852 118.026550 nan 90.488879 115.272783 17.640368 39.454444 nan 
443 27.023866 nan 27.023866 87.285358 nan 84.427825 86.999604 76.887827 42.982619 nan 
444 4.061629 nan 4.061629 11.574783 nan 18.979524 12.315257 103.647417 44.636130 nan 
445 4.114512 nan 4.114512 22.485941 nan 24.239280 22.661275 85.680496 45.027104 nan 
446 -3.415016 nan -3.415016 16.907885 nan 23.319782 17.549075 67.450049 34.013909 nan 
447 -14.075364 nan -14.075364 8.807853 nan 19.643678 9.891435 28.331615 23.134628 nan 
448 -12.676412 nan -12.676412 -4.013149 nan 12.251985 -2.386636 8.688219 8.321119 nan 
449 -22.562785 nan -22.562785 -15.846855 nan 3.174469 -13.944723 -22.942412 -4.373000 nan 
450 -44.442374 nan -44.442374 -10.412278 nan -6.610502 -10.032100 -37.436358 -6.514314 nan 
451 -28.797285 nan -28.797285 -18.709364 nan -10.455722 -17.884000 -40.240025 -15.532049 nan 
452 -22.282778 nan -22.282778 -15.421183 nan -12.073117 -15.086376 -33.733482 -12.487134 nan 
453 -12.135521 nan -12.135521 -17.253841 nan -12.989696 -16.827427 -33.931594 -14.889868 nan 
454 -6.052627 nan -6.052627 -19.817825 nan -15.601330 -19.396176 -35.161203 -17.754340 nan 
455 -5.230754 nan -5.230754 -22.147532 nan -18.874568 -21.820236 -36.265168 -20.192480 nan 
456 1.527620 nan 1.527620 -25.995583 nan -23.723352 -25.768360 -38.815375 -23.862443 nan 
457 -4.115748 nan -4.115748 -27.665688 nan -27.384104 -27.637530 -39.366797 -25.423877 nan 
458 -11.984394 nan -11.984394 -27.797390 nan -29.728574 -27.990508 -38.859948 -25.831518 nan 
459 -11.768600 nan -11.768600 -27.727765 nan -31.852396 -28.140229 -38.075718 -25.873119 nan 
460 32.446772 nan 32.446772 -22.675805 nan -27.580418 -23.166266 -22.470630 -19.774044 nan 
461 9.573619 nan 9.573619 -34.400824 nan -47.601724 -35.720914 -3.841216 -19.394034 nan 
462 28.307792 nan 28.307792 -10.140682 nan -26.872220 -11.813836 32.955966 -1.587382 nan 
463 26.731502 nan 26.731502 9.976063 nan -5.469641 8.431492 62.651931 16.159912 nan 
464 25.762671 nan 25.762671 23.812492 nan 10.905784 22.521821 90.391509 30.753160 nan 
465 21.051117 nan 21.051117 32.386439 nan 38.252487 32.973044 101.752934 41.177442 nan 
466 8.994115 nan 8.994115 283.946987 nan 293.840629 284.936352 4.359084 34.390881 nan 
467 16.640015 nan 16.640015 90.986748 nan 126.882061 94.576279 92.372446 49.908257 nan 
468 11.844376 nan 11.844376 6.876944 nan 21.084202 8.297670 124.394251 55.462897 nan 
469 2.576607 nan 2.576607 18.445691 nan 23.693113 18.970433 97.782738 50.750981 nan 
470 -2.941735 nan -2.941735 16.527011 nan 23.621510 17.236461 68.144371 41.847712 nan 
471 -11.699716 nan -11.699716 10.186448 nan 22.105510 11.378354 34.008303 30.203470 nan 
472 -18.660164 nan -18.660164 -0.922743 nan 18.325210 1.002052 0.889410 15.712557 nan 
473 -26.256377 nan -26.256377 -17.373301 nan 10.613268 -14.574644 -32.612842 -1.441768 nan 
474 -42.555091 nan -42.555091 -9.950178 nan 6.312372 -8.323923 -41.386474 -1.963135 nan 
475 -30.269652 nan -30.269652 -12.887144 nan 2.119697 -11.386460 -40.263676 -7.779892 nan 
476 -15.994161 nan -15.994161 -15.240411 nan -9.533152 -14.669685 -39.817523 -11.328024 nan 
477 -7.070910 nan -7.070910 -18.317446 nan -10.020135 -17.487715 -41.088805 -15.368156 nan 
478 -1.817217 nan -1.817217 -22.126952 nan -13.134808 -21.227737 -43.152494 -19.562655 nan 
479 -6.025484 nan -6.025484 -25.058511 nan -17.330745 -24.285735 -44.561420 -22.748912 nan 
480 -2.148639 nan -2.148639 -29.483664 nan -23.363967 -28.871694 -47.323717 -27.021582 nan 
481 -4.983791 nan -4.983791 -31.467596 nan -28.055755 -31.126411 -48.054778 -29.107923 nan 
482 -5.997650 nan -5.997650 -31.570037 nan -30.637303 -31.476764 -47.337116 -29.616218 nan 
483 -2.512207 nan -2.512207 -31.019548 nan -31.770134 -31.094606 -45.645445 -29.038747 nan 
484 10.868245 nan 10.868245 -42.450975 nan -42.593960 -42.465274 -37.781680 -29.966806 nan 
485 5.035481 nan 5.035481 -32.217700 nan -45.181653 -33.514095 -10.725479 -20.542964 nan 
486 27.104778 nan 27.104778 -8.052924 nan -23.923954 -9.640027 25.414407 -2.027236 nan 
487 18.227349 nan 18.227349 4.595080 nan -8.734065 3.262166 40.797072 10.005902 nan 
488 28.987964 nan 28.987964 19.197891 nan 5.849391 17.863041 76.833779 25.524713 nan 
489 -0.845938 nan -0.845938 21.282158 nan 11.044376 20.258380 68.852676 27.459788 nan 
490 21.964040 nan 21.964040 265.502655 nan 268.340516 265.786441 5.957893 34.136252 nan 
491 11.981492 nan 11.981492 61.449236 nan 88.513651 64.155677 72.988592 46.418830 nan 
492 3.713596 nan 3.713596 -2.101755 nan 18.101820 -0.081398 89.194041 43.918878 nan 
493 0.798382 nan 0.798382 12.157383 nan 23.756281 13.317273 59.865382 41.212922 nan 
494 1.407351 nan 1.407351 10.505145 nan 22.392009 11.693832 50.374640 32.021361 nan 
495 -13.036289 nan -13.036289 2.159406 nan 18.363327 3.779799 20.817006 19.052546 nan 
496 -16.262856 nan -16.262856 -10.615626 nan 9.764896 -8.577573 -4.113077 3.622531 nan 
497 -22.142717 nan -22.142717 -21.341964 nan 0.030471 -19.204721 -32.777752 -8.727235 nan 
498 -23.752570 nan -23.752570 -19.065343 nan -7.886545 -17.947463 -51.884726 -16.465514 nan 
499 -32.292954 nan -32.292954 -16.496532 nan -10.475863 -15.894465 -44.420452 -15.428758 nan 
500 -15.281268 nan -15.281268 -19.906973 nan -13.056316 -19.221907 -44.290176 -18.755701 nan 
501 -9.925651 nan -9.925651 -22.826116 nan -16.740147 -22.217519 -44.844033 -21.736906 nan 
502 -5.348550 nan -5.348550 -25.109368 nan -20.107144 -24.609146 -45.164874 -23.933842 nan 
503 -1.781222 nan -1.781222 -25.776929 nan -22.664221 -25.465659 -44.139819 -24.463884 nan 
504 -4.193325 nan -4.193325 -29.537580 nan -28.125040 -29.396326 -46.486198 -28.137174 nan 
505 -9.633047 nan -9.633047 -31.357368 nan -33.053162 -31.526948 -47.362154 -30.216288 nan 
506 -1.673173 nan -1.673173 -32.617689 nan -35.283623 -32.884283 -46.682602 -30.614571 nan 
507 3.140966 nan 3.140966 -31.415365 nan -35.589528 -31.832781 -43.895177 -28.817362 nan 
508 -1.848131 nan -1.848131 -68.383044 nan -79.063827 -69.451123 -49.890032 -39.957363 nan 
509 3.672218 nan 3.672218 -36.551071 nan -57.623309 -38.658295 -25.945450 -22.242868 nan 
510 22.237486 nan 22.237486 -14.731197 nan -37.197040 -16.977781 8.867385 -6.850847 nan 
511 8.778627 nan 8.778627 -3.533714 nan -24.493551 -5.629697 8.933882 3.218546 nan 
512 8.818310 nan 8.818310 0.682103 nan -16.569428 -1.043050 12.857909 8.128026 nan 
513 18.211656 nan 18.211656 10.752758 nan -7.009102 8.976572 31.026903 20.439706 nan 
514 14.081221 nan 14.081221 119.527501 nan 87.065533 116.281304 10.753786 26.286686 nan 
515 -12.267967 nan -12.267967 3.211215 nan -0.107871 2.879306 23.251543 19.374248 nan 
516 -8.109224 nan -8.109224 -17.146128 nan -12.276772 -16.659193 10.147105 8.263736 nan 
517 7.836147 nan 7.836147 -5.291131 nan -11.664370 -5.928455 17.896831 12.728477 nan 
518 -12.370879 nan -12.370879 -14.386050 nan -13.421960 -14.289641 -1.214014 -0.231357 nan 
519 -6.846481 nan -6.846481 -17.500039 nan -16.476034 -17.397639 -10.833136 -5.515463 nan 
520 -13.154217 nan -13.154217 -22.928482 nan -20.505665 -22.686200 -24.789175 -12.604167 nan 
521 -14.796503 nan -14.796503 -34.926183 nan -28.900444 -34.323609 -32.956136 -21.613448 nan 
522 -12.809595 nan -12.809595 -43.789372 nan -46.931802 -44.103615 -49.013527 -32.485597 nan 
523 -7.803186 nan -7.803186 -17.277733 nan -23.143802 -17.864340 -35.084373 -21.378766 nan 
524 -10.359271 nan -10.359271 -21.677939 nan -26.700270 -22.180172 -35.363181 -22.940666 nan 
525 -10.137632 nan -10.137632 -25.685609 nan -29.649729 -26.082021 -35.532978 -24.108905 nan 
526 -14.586414 nan -14.586414 -29.271683 nan -34.863659 -29.830880 -38.042597 -27.428892 nan 
527 -2.711830 nan -2.711830 -26.802142 nan -36.127700 -27.734698 -36.072882 -26.155184 nan 
528 -7.879582 nan -7.879582 -29.494882 nan -38.248617 -30.370255 -36.039427 -26.739917 nan 
529 -10.694580 nan -10.694580 -28.509802 nan -40.811712 -29.739993 -36.288379 -27.567600 nan 
530 -4.747158 nan -4.747158 -27.815746 nan -40.712989 -29.105470 -34.358542 -26.163199 nan 
531 -4.761650 nan -4.761650 -28.544648 nan -40.195093 -29.709692 -32.741367 -25.031608 nan 
532 -0.253271 nan -0.253271 -54.001968 nan -72.276936 -55.829465 -36.877471 -32.446864 nan 
533 10.448406 nan 10.448406 -38.880404 nan -61.949329 -41.187296 -21.022130 -23.334071 nan 
534 15.878811 nan 15.878811 -21.606835 nan -50.369693 -24.483121 0.661630 -10.284130 nan 
535 6.086840 nan 6.086840 -14.102243 nan -42.658324 -16.957851 1.859565 -3.347473 nan 
536 12.845455 nan 12.845455 -5.295820 nan -33.494760 -8.115714 14.907728 6.394068 nan 
537 -8.600143 nan -8.600143 -40.994943 nan -53.670804 -42.262529 49.603994 17.032288 nan 
538 12.767267 nan 12.767267 -377.426596 nan -125.299331 -352.213869 2.875090 14.121436 nan 
539 14.300637 nan 14.300637 -94.339185 nan -205.807809 -105.486047 31.136310 27.424872 nan 
540 -3.926376 nan -3.926376 -28.841491 nan -152.036825 -41.161024 22.757768 12.516908 nan 
541 6.698177 nan 6.698177 -1.219395 nan -34.235402 -4.520996 35.892736 16.137854 nan 
542 -2.732217 nan -2.732217 -1.057474 nan -26.053721 -3.557098 24.792714 13.005909 nan 
543 -17.121853 nan -17.121853 -13.710141 nan -25.999601 -14.939087 0.680088 -2.138476 nan 
544 -9.333026 nan -9.333026 -16.942736 nan -28.216472 -18.070109 -11.364781 -6.644479 nan 
545 -16.269983 nan -16.269983 -26.029802 nan -31.342739 -26.561096 -25.144138 -16.514709 nan 
546 -16.319865 nan -16.319865 -32.721308 nan -42.375270 -33.686704 -41.166772 -25.504531 nan 
547 -12.671943 nan -12.671943 -15.271126 nan -23.856064 -16.129620 -30.988455 -18.413312 nan 
548 -9.843711 nan -9.843711 -17.184919 nan -26.048017 -18.071229 -30.172789 -19.118668 nan 
549 -5.820003 nan -5.820003 -17.396732 nan -25.859385 -18.242997 -28.081212 -18.092711 nan 
550 -11.461723 nan -11.461723 -17.404664 nan -25.997349 -18.263932 -27.161736 -17.994418 nan 
551 -11.238736 nan -11.238736 -17.865269 nan -26.405013 -18.719243 -26.466158 -17.963141 nan 
552 -6.106692 nan -6.106692 -19.787266 nan -27.837106 -20.592250 -27.102840 -19.159678 nan 
553 -3.485535 nan -3.485535 -18.459152 nan -26.593295 -19.272566 -24.560024 -17.135752 nan 
554 -8.628441 nan -8.628441 -16.734943 nan -25.870501 -17.648499 -23.531688 -16.567074 nan 
555 -9.242632 nan -9.242632 -17.496958 nan -25.976931 -18.344955 -22.870298 -16.328306 nan 
556 22.518655 nan 22.518655 -22.728060 nan -32.326854 -23.687939 -18.005456 -16.773386 nan 
557 75.447852 nan 75.447852 -15.188090 nan -30.868974 -16.756178 3.845491 -7.772407 nan 
558 24.628828 nan 24.628828 -6.293255 nan -26.132191 -8.277149 35.413429 2.444384 nan 
559 24.691225 nan 24.691225 12.703701 nan -6.180196 10.815311 65.407065 20.057105 nan 
560 26.433549 nan 26.433549 23.426255 nan 7.177483 21.801378 97.166905 31.496140 nan 
561 17.868996 nan 17.868996 34.689463 nan 37.551900 34.975707 100.104871 46.281321 nan 
562 21.147258 nan 21.147258 308.622096 nan 316.779388 309.437825 23.479346 43.696512 nan 
563 13.857938 nan 13.857938 77.344758 nan 127.765499 82.386832 104.935475 53.621276 nan 
564 3.760671 nan 3.760671 -6.551375 nan 20.830557 -3.813182 126.668355 53.323730 nan 
565 4.360266 nan 4.360266 11.353695 nan 25.657049 12.784031 98.603294 48.543310 nan 
566 -2.890838 nan -2.890838 13.325757 nan 25.596542 14.552836 70.250966 40.732248 nan 
567 -9.871558 nan -9.871558 8.874035 nan 21.890910 10.175723 39.036594 30.296040 nan 
568 -15.448582 nan -15.448582 2.689999 nan 16.883928 4.109392 8.481407 19.182719 nan 
569 -25.487723 nan -25.487723 -5.211076 nan 11.330363 -3.556932 -19.954383 7.072230 nan 
570 -52.333897 nan -52.333897 -14.257144 nan -0.784776 -12.909907 -42.161178 -5.715084 nan 
571 -33.667270 nan -33.667270 -13.389150 nan -0.384906 -12.088725 -35.099153 -5.727258 nan 
572 -19.753637 nan -19.753637 -13.248560 nan -1.608441 -12.084548 -30.762960 -5.161287 nan 
573 -14.723165 nan -14.723165 -13.103494 nan -2.485414 -12.041686 -30.658695 -7.652412 nan 
574 -13.026839 nan -13.026839 -13.249197 nan -3.503341 -12.274611 -31.128293 -10.093947 nan 
575 -9.429887 nan -9.429887 -14.527823 nan -10.008812 -14.075921 -31.437840 -11.982611 nan 
576 4.008636 nan 4.008636 -18.716043 nan -11.678487 -18.012287 -36.157407 -18.013910 nan 
577 -6.321179 nan -6.321179 -19.373330 nan -14.435728 -18.879570 -35.252205 -18.356416 nan 
578 -7.310705 nan -7.310705 -18.891291 nan -14.773498 -18.479512 -34.132879 -18.330469 nan 
579 -11.026538 nan -11.026538 -19.737141 nan -15.655020 -19.328929 -33.915687 -19.127957 nan 
580 29.303652 nan 29.303652 -15.704716 nan -13.225904 -15.456835 -21.730672 -14.655655 nan 
581 9.307297 nan 9.307297 -24.021646 nan -26.804414 -24.299923 -7.560427 -12.576017 nan 
582 18.162348 nan 18.162348 -5.601656 nan -15.652708 -6.606761 10.022965 2.623559 nan 
583 23.751576 nan 23.751576 13.725604 nan 2.419359 12.594980 36.681305 19.469877 nan 
584 22.272012 nan 22.272012 27.688086 nan 16.574423 26.576720 58.838396 33.342887 nan 
585 15.779195 nan 15.779195 36.960186 nan 27.292460 35.993413 63.504293 42.831419 nan 
586 17.273777 nan 17.273777 166.973040 nan 155.170156 165.792752 25.576252 46.879399 nan 
587 12.542941 nan 12.542941 63.999952 nan 78.951570 65.495114 67.152751 50.306792 nan 
588 2.343185 nan 2.343185 7.008488 nan 24.335483 8.741188 83.763307 42.169690 nan 
589 5.488752 nan 5.488752 23.903612 nan 29.456705 24.458921 84.357446 42.272968 nan 
590 -3.511752 nan -3.511752 18.987904 nan 27.470272 19.836141 61.248110 32.193725 nan 
591 -17.796180 nan -17.796180 2.582816 nan 20.611510 4.385685 24.739911 14.249448 nan 
592 -18.132889 nan -18.132889 -0.748361 nan 15.162208 0.842696 -0.979134 6.555221 nan 
593 -35.198579 nan -35.198579 -37.431191 nan -17.307516 -35.418823 -35.965229 -9.142577 nan 
594 -33.294578 nan -33.294578 -20.031300 nan -10.613557 -19.089526 -45.939166 -16.891384 nan 
595 -19.333846 nan -19.333846 -18.136691 nan -9.542266 -17.277249 -40.735990 -16.440080 nan 
596 -7.272251 nan -7.272251 -14.017635 nan -9.093294 -13.525201 -39.627266 -18.296233 nan 
597 -20.276702 nan -20.276702 -18.992128 nan -13.986215 -18.491536 -42.691201 -23.446137 nan 
598 -11.427394 nan -11.427394 -21.253734 nan -17.279949 -20.856355 -42.983567 -25.339406 nan 
599 -11.822108 nan -11.822108 -22.221316 nan -19.659153 -21.965100 -42.538370 -26.214392 nan 
600 -11.253791 nan -11.253791 -20.864212 nan -20.365244 -20.814315 -40.204085 -25.001748 nan 
601 -12.142001 nan -12.142001 -20.230093 nan -20.791991 -20.286283 -38.650863 -24.448897 nan 
602 -5.702018 nan -5.702018 -21.136414 nan -21.765713 -21.199344 -38.444704 -25.132113 nan 
603 -2.330856 nan -2.330856 -22.495281 nan -24.087667 -22.654520 -38.527564 -26.032509 nan 
604 27.288973 nan 27.288973 -17.616138 nan -19.712462 -17.825770 -26.256789 -19.131299 nan 
605 38.357478 nan 38.357478 -34.857419 nan -39.451553 -35.316832 -22.172332 -22.189310 nan 
606 18.370152 nan 18.370152 -9.472663 nan -24.424668 -10.967863 -1.223447 -7.118390 nan 
607 17.396474 nan 17.396474 4.357610 nan -11.798215 2.742028 15.562899 6.736966 nan 
608 19.878161 nan 19.878161 16.965251 nan -0.793959 15.189330 32.973738 20.260072 nan 
609 19.494229 nan 19.494229 23.906578 nan 9.666279 22.482548 48.366849 27.907369 nan 
610 3.415947 nan 3.415947 104.490647 nan 79.608775 102.002459 7.155392 24.518632 nan 
611 2.747860 nan 2.747860 35.000041 nan 34.267516 34.926788 40.948962 25.957150 nan 
612 14.217848 nan 14.217848 9.652136 nan 14.162608 10.103183 80.453478 35.595021 nan 
613 -10.139907 nan -10.139907 12.419996 nan 16.486944 12.826690 56.915262 27.972523 nan 
614 -0.533437 nan -0.533437 7.453139 nan 16.063622 8.314188 51.074700 18.991444 nan 
615 -28.431194 nan -28.431194 -5.033339 nan 10.249175 -3.505088 -1.435868 2.866687 nan 
616 -13.995572 nan -13.995572 -9.685467 nan 5.224108 -8.194510 -18.089257 -4.022664 nan 
617 -13.534548 nan -13.534548 -13.598498 nan 2.492175 -11.989431 -26.338600 -9.375262 nan 
618 -34.498081 nan -34.498081 -23.392446 nan -9.681300 -22.021332 -40.714550 -17.818530 nan 
619 -18.664330 nan -18.664330 -27.873002 nan -18.258446 -26.911547 -39.237814 -20.180217 nan 
620 -10.733359 nan -10.733359 -37.634858 nan -28.827009 -36.754073 -35.637017 -18.826074 nan 
621 -4.589354 nan -4.589354 -15.087311 nan -11.666336 -14.745214 -34.607858 -19.349581 nan 
622 -4.468857 nan -4.468857 -17.887865 nan -14.922882 -17.591366 -34.662005 -20.613385 nan 
623 -1.967795 nan -1.967795 -44.014940 nan -36.424412 -43.255887 -34.745529 -21.738779 nan 
624 -1.291592 nan -1.291592 -63.107130 nan -54.708109 -62.267228 -35.887421 -23.723209 nan 
625 -2.594275 nan -2.594275 -142.089495 nan -100.521623 -137.932708 -33.518386 -22.182788 nan 
626 -5.891688 nan -5.891688 -136.405858 nan -107.405536 -133.505826 -33.388279 -22.774559 nan 
627 -6.581049 nan -6.581049 -118.020358 nan -102.850409 -116.503364 -33.038368 -23.098692 nan 
628 6.224438 nan 6.224438 -108.313620 nan -105.066183 -107.988876 -29.564433 -22.108847 nan 
629 1.414420 nan 1.414420 -93.424829 nan -95.948728 -93.677218 -21.053431 -14.574748 nan 
630 -0.286250 nan -0.286250 -83.679775 nan -86.917644 -84.003562 -11.172284 -10.945171 nan 
631 -9.132025 nan -9.132025 -83.876025 nan -85.766679 -84.065091 -0.383420 -5.512736 nan 
632 13.068241 nan 13.068241 -70.855510 nan -61.155219 -69.885481 3.954819 -0.014544 nan 
633 -2.979446 nan -2.979446 -57.151277 nan -47.376376 -56.173787 27.165298 8.670772 nan 
634 -9.263275 nan -9.263275 -136.333725 nan -23.446699 -125.045023 0.274542 11.317066 nan 
635 12.185578 nan 12.185578 -303.916690 nan -82.446109 -281.769632 36.434678 18.539794 nan 
636 5.413788 nan 5.413788 -40.943043 nan -31.283720 -39.977110 39.734440 22.569496 nan 
637 19.340715 nan 19.340715 33.840167 nan 29.476354 33.403786 64.280730 29.088861 nan 
638 -8.097761 nan -8.097761 26.389277 nan 23.808912 26.131240 43.539499 17.645315 nan 
639 -7.756511 nan -7.756511 20.308107 nan 19.221644 20.199461 19.598458 11.026099 nan 
640 -19.827813 nan -19.827813 -78.909411 nan -60.025300 -77.021000 4.635479 -1.156524 nan 
641 -24.554376 nan -24.554376 -71.411789 nan -56.210209 -69.891631 -27.219629 -11.191984 nan 
642 -37.283523 nan -37.283523 -2.965121 nan -3.015808 -2.970189 -35.565885 -15.215837 nan 
643 -23.860774 nan -23.860774 -5.445445 nan -6.204967 -5.521398 -35.825954 -19.467362 nan 
644 -3.250286 nan -3.250286 -5.495318 nan -6.416199 -5.587406 -34.321037 -20.157901 nan 
645 -7.933818 nan -7.933818 -74.481038 nan -66.073726 -73.640307 -37.288709 -24.594034 nan 
646 -3.001253 nan -3.001253 -90.516642 nan -75.695078 -89.034486 -38.702973 -27.101352 nan 
647 -6.977148 nan -6.977148 -17.411028 nan -83.467296 -24.016655 -39.273798 -28.554051 nan 
648 -0.363023 nan -0.363023 -22.076379 nan -47.632655 -24.632007 -39.355243 -29.379639 nan 
649 -17.002160 nan -17.002160 -25.201453 nan -43.265123 -27.007820 -41.969299 -32.670786 nan 
650 -10.936202 nan -10.936202 -23.641315 nan -42.835813 -25.560764 -39.647295 -30.951080 nan 
651 2.092208 nan 2.092208 -19.937569 nan -39.292368 -21.873049 -34.987656 -26.826347 nan 
652 7.913304 nan 7.913304 -15.571289 nan -33.464680 -17.360628 -26.951529 -21.039623 nan 
653 5.827701 nan 5.827701 -22.367932 nan -51.384071 -25.269546 -18.719955 -19.691775 nan 
654 27.986772 nan 27.986772 -2.546038 nan -33.488024 -5.640237 18.173184 -2.939140 nan 
655 29.507030 nan 29.507030 15.054954 nan -13.530657 12.196393 60.595177 13.906175 nan 
656 16.377280 nan 16.377280 26.267499 nan -0.114987 23.629250 67.332786 26.237800 nan 
657 21.320075 nan 21.320075 38.096943 nan 14.052930 35.692541 79.112433 40.207787 nan 
658 18.739400 nan 18.739400 243.819294 nan 223.498357 241.787200 20.512105 37.644023 nan 
659 -6.337264 nan -6.337264 26.334613 nan 40.359947 27.737147 67.062767 41.623301 nan 
660 3.012510 nan 3.012510 8.352990 nan 14.792185 8.996909 73.455573 50.135573 nan 
661 -6.232870 nan -6.232870 14.338579 nan 17.481283 14.652850 41.419969 40.016715 nan 
662 -3.430798 nan -3.430798 8.775854 nan 14.007206 9.298989 24.073457 28.504233 nan 
663 -9.162538 nan -9.162538 2.395779 nan 9.944078 3.150608 6.733472 16.991126 nan 
664 -18.736951 nan -18.736951 -3.595771 nan 7.726091 -2.463585 -13.000903 5.617119 nan 
665 -18.223094 nan -18.223094 -11.742088 nan 3.899824 -10.177897 -21.877562 -5.608122 nan 
666 -23.637474 nan -23.637474 -17.185085 nan -5.265339 -15.993110 -31.105687 -13.557907 nan 
667 -23.005790 nan -23.005790 -12.775335 nan -6.717994 -12.169601 -28.303661 -13.092660 nan 
668 -16.444387 nan -16.444387 -13.538091 nan -8.606510 -13.044933 -26.548832 -12.921357 nan 
669 -31.156821 nan -31.156821 -16.759874 nan -14.078176 -16.491704 -30.584720 -18.091990 nan 
670 3.159164 nan 3.159164 -11.297629 nan -10.069709 -11.174837 -24.613251 -12.904950 nan 
671 -3.660533 nan -3.660533 -12.822138 nan -11.417194 -12.681643 -25.771214 -14.840911 nan 
672 -0.496617 nan -0.496617 -16.904588 nan -16.088545 -16.822984 -28.988891 -18.746426 nan 
673 -1.791183 nan -1.791183 -27.156911 nan -26.119070 -27.053127 -30.306774 -20.700222 nan 
674 -5.308863 nan -5.308863 -91.473708 nan -79.977080 -90.324046 -42.150453 -32.957040 nan 
675 -5.862314 nan -5.862314 -20.847593 nan -52.104678 -23.973301 -42.658336 -34.092308 nan 
676 -3.434701 nan -3.434701 29.427015 nan 2.744555 26.758769 -42.039687 -33.994773 nan 
677 -0.594845 nan -0.594845 37.283355 nan 8.005063 34.355526 -38.217702 -30.638521 nan 
678 0.517099 nan 0.517099 36.647150 nan 11.356971 34.118132 -32.536546 -25.887673 nan 
679 3.092552 nan 3.092552 36.693019 nan 16.520188 34.675736 -23.951527 -17.937585 nan 
680 -0.722656 nan -0.722656 32.551506 nan 16.673124 30.963668 -21.168063 -15.880665 nan 
681 9.534260 nan 9.534260 37.644894 nan 24.254339 36.305839 4.813606 -3.173203 nan 
682 5.406242 nan 5.406242 67.670217 nan 50.886706 65.991866 -7.906578 -0.446290 nan 
683 4.709396 nan 4.709396 50.604545 nan 32.213068 48.765398 -10.162043 -7.048754 nan 
684 4.530271 nan 4.530271 40.689996 nan 24.038870 39.024883 -12.642513 -8.554756 nan 
685 10.425298 nan 10.425298 35.080496 nan 20.462316 33.618678 -5.404001 -10.588654 nan 
686 0.809102 nan 0.809102 27.123806 nan 15.113031 25.922729 -23.244161 -15.381484 nan 
687 18.689499 nan 18.689499 27.507615 nan 15.441180 26.300971 -18.494014 -13.306760 nan 
688 13.966667 nan 13.966667 25.433024 nan 13.419691 24.231691 -19.862839 -15.221958 nan 
689 1.328687 nan 1.328687 21.034328 nan 9.802479 19.911143 -24.734997 -19.566431 nan 
690 -5.760299 nan -5.760299 17.166220 nan 1.020715 15.551669 -30.209310 -24.983592 nan 
691 -5.056149 nan -5.056149 11.238315 nan -0.030860 10.111397 -26.883960 -22.291710 nan 
692 -7.787161 nan -7.787161 5.714408 nan 0.384056 5.181373 -21.677672 -17.639559 nan 
693 -9.585881 nan -9.585881 1.856832 nan -3.634306 1.307718 -25.410693 -21.595242 nan 
694 -11.024769 nan -11.024769 1.798991 nan -5.564709 1.062621 -27.611675 -24.027794 nan 
695 -7.294616 nan -7.294616 3.475495 nan -5.386146 2.589331 -26.963558 -23.589700 nan 
696 -12.714649 nan -12.714649 2.967116 nan -7.177011 1.952703 -28.356644 -25.173741 nan 
697 -13.796388 nan -13.796388 2.964887 nan -8.339902 1.834408 -29.461228 -26.461379 nan 
698 -1.990387 nan -1.990387 5.792557 nan -6.008662 4.612435 -26.185788 -23.356372 nan 
699 -15.978112 nan -15.978112 5.304604 nan -6.575327 4.116611 -25.380107 -22.713405 nan 
700 15.939688 nan 15.939688 9.251634 nan -6.327308 7.693740 -24.242733 -24.730279 nan 
701 5.323222 nan 5.323222 22.586372 nan 3.484610 20.676195 -10.842737 -18.359241 nan 
702 10.947280 nan 10.947280 31.175002 nan 13.079903 29.365492 9.868901 -6.851861 nan 
703 5.306081 nan 5.306081 35.427110 nan 19.808181 33.865217 20.493057 1.441642 nan 
704 76.909556 nan 76.909556 40.577876 nan 26.687179 39.188807 43.834391 11.169114 nan 
705 21.010627 nan 21.010627 48.036428 nan 35.316238 46.764409 59.621843 23.609450 nan 
706 2.488740 nan 2.488740 233.848745 nan 186.753733 229.139244 10.775988 23.002207 nan 
707 27.342390 nan 27.342390 245.316143 nan 151.419488 235.926477 57.917015 24.337509 nan 
708 -0.413832 nan -0.413832 98.433315 nan 48.250930 93.415076 60.190595 27.475866 nan 
709 3.275337 nan 3.275337 53.387880 nan 36.710015 51.720093 72.155044 28.036355 nan 
710 -13.828824 nan -13.828824 35.343616 nan 27.191949 34.528450 34.127501 20.068811 nan 
711 -8.838139 nan -8.838139 25.150943 nan 20.129199 24.648769 18.552904 13.243934 nan 
712 -25.258466 nan -25.258466 15.490803 nan -35.588225 10.382900 -19.574676 0.141569 nan 
713 -18.810628 nan -18.810628 -4.750401 nan -8.774728 -5.152834 -30.342105 -15.852182 nan 
714 -45.718609 nan -45.718609 -4.628004 nan -3.757256 -4.540929 -32.421789 -15.301948 nan 
715 -36.715582 nan -36.715582 -7.930161 nan -8.310006 -7.968145 -31.427753 -17.032413 nan 
716 -23.225527 nan -23.225527 -8.884953 nan -10.148666 -9.011324 -29.504664 -16.786581 nan 
717 -15.285147 nan -15.285147 -9.122874 nan -10.898678 -9.300455 -28.070393 -16.538392 nan 
718 -12.683571 nan -12.683571 -9.219840 nan -11.280572 -9.425913 -26.521237 -15.929558 nan 
719 -12.523518 nan -12.523518 -9.493432 nan -11.715496 -9.715638 -25.472470 -15.655069 nan 
720 10.003270 nan 10.003270 -7.715606 nan -19.246595 -8.868705 -24.075353 -14.900837 nan 
721 -4.791065 nan -4.791065 -11.455613 nan -22.948963 -12.604948 -26.927718 -18.340169 nan 
722 -5.600206 nan -5.600206 -10.758401 nan -22.109979 -11.893559 -24.332374 -16.309265 nan 
723 -18.905054 nan -18.905054 -21.099574 nan -33.802709 -22.369887 -29.779984 -22.205968 nan 
724 13.510115 nan 13.510115 -14.692489 nan -28.427652 -16.066005 -21.940730 -16.286049 nan 
725 46.810351 nan 46.810351 -6.322792 nan -21.695865 -7.860099 -9.547253 -6.516975 nan 
726 18.164923 nan 18.164923 2.856356 nan -14.982162 1.072504 3.298687 3.110270 nan 
727 13.561478 nan 13.561478 10.012525 nan -9.530525 8.058220 12.228220 11.360456 nan 
728 7.579773 nan 7.579773 12.796542 nan -4.453606 11.071527 14.914083 14.850195 nan 
729 -13.256273 nan -13.256273 -21.714332 nan -15.120043 -21.054903 3.776834 11.234626 nan 
730 -5.157119 nan -5.157119 -95.350334 nan -67.493963 -92.564697 -3.237426 4.130772 nan 
731 -4.335292 nan -4.335292 -77.266783 nan -52.606788 -74.800784 -3.148444 3.146431 nan 
732 -3.761524 nan -3.761524 -82.144936 nan -57.737029 -79.704146 -5.469256 -1.350723 nan 
733 -4.920763 nan -4.920763 -68.684679 nan -54.292395 -67.245450 -10.811697 -5.249691 nan 
734 -12.481296 nan -12.481296 -66.489959 nan -63.721244 -66.213087 -16.905698 -11.795600 nan 
735 -7.360977 nan -7.360977 -68.052972 nan -70.418615 -68.289536 -16.383731 -11.631175 nan 
736 -7.735904 nan -7.735904 -67.219027 nan -73.875725 -67.884697 -18.454363 -14.008952 nan 
737 -6.167430 nan -6.167430 -63.771298 nan -76.683549 -65.062523 -19.150200 -14.954517 nan 
738 -7.665397 nan -7.665397 -64.592001 nan -78.946552 -66.027456 -21.298070 -17.368777 nan 
739 -5.312841 nan -5.312841 -58.220910 nan -75.260034 -59.924823 -20.262485 -16.587185 nan 
740 -4.819835 nan -4.819835 -52.554740 nan -70.079990 -54.307265 -19.212660 -15.740324 nan 
741 -5.623324 nan -5.623324 -49.223074 nan -66.647540 -50.965520 -18.775788 -15.510367 nan 
742 -4.207495 nan -4.207495 -0.899795 nan -5.808126 -1.390628 -13.159762 -10.151590 nan 
743 -4.438801 nan -4.438801 -1.265045 nan -5.487875 -1.687328 -12.473086 -9.618056 nan 
