#### 	 Vertical City Weather Generator (VCWG)  	 #### 
# Conductive heat fluxes at the surfaces 
# 0:time [hr] 1:GfluxRoofImp [W m^-2] 2:GfluxRoofVeg [W m^-2] 3:GfluxRoof [W m^-2] 4:GfluxGroundImp [W m^-2] 5:GfluxGroundBare [W m^-2] 6:GfluxGroundVeg [W m^-2] 7:GfluxGround [W m^-2] 8:GfluxWallSun [W m^-2] 9:GfluxWallShade [W m^-2] 10:GfluxRural [W m^-2] 
0 -154.682491 nan -154.682491 -112.801788 nan -209.323145 -161.062466 -84.092319 -84.092319 -7.741587 
1 -100.078818 nan -100.078818 -86.999296 nan -184.957983 -135.978640 -75.243420 -75.243420 -7.069151 
2 -72.542969 nan -72.542969 -73.094360 nan -168.526407 -120.810383 -69.241013 -69.241013 -6.794847 
3 -57.622245 nan -57.622245 -60.563534 nan -149.129718 -104.846626 -63.383424 -63.383424 -11.982074 
4 -39.835509 nan -39.835509 -62.904835 nan -159.731467 -111.318151 -62.034402 -62.265598 -3.048739 
5 6.873319 nan 6.873319 -39.815610 nan -167.192759 -103.504184 -45.986163 -48.731101 3.641720 
6 9.224319 nan 9.224319 -34.225778 nan -146.661034 -90.443406 -41.580779 -43.204164 5.186655 
7 23.561270 nan 23.561270 -22.734077 nan -141.013469 -81.873773 -30.487689 -38.266263 7.327863 
8 45.754330 nan 45.754330 -5.794535 nan -131.687016 -68.740776 -19.205194 -26.812855 11.805293 
9 75.627729 nan 75.627729 23.113462 nan -107.236458 -42.061498 0.723277 -15.580574 18.117636 
10 185.261160 nan 185.261160 112.744460 nan -31.630542 40.556959 55.284165 15.616379 37.822613 
11 180.000755 nan 180.000755 228.950080 nan 102.388940 165.669510 75.140369 27.513839 48.415962 
12 33.519048 nan 33.519048 236.274062 nan 127.874636 182.074349 19.273968 17.045230 35.640611 
13 45.071667 nan 45.071667 288.303660 nan 226.204861 257.254261 -0.299341 12.421039 32.342442 
14 -46.101776 nan -46.101776 206.819111 nan 159.787840 183.303476 2.573971 -9.455700 21.780894 
15 -56.117602 nan -56.117602 137.995873 nan 101.078623 119.537248 6.482182 -23.305096 13.846390 
16 -106.544057 nan -106.544057 42.464473 nan 22.485613 32.475043 -30.637942 -33.499590 4.404204 
17 -55.793852 nan -55.793852 24.743207 nan 8.196804 16.470005 -1.378662 -31.879879 2.022352 
18 -93.513201 nan -93.513201 -4.539913 nan -13.081276 -8.810594 -59.752427 -36.237669 -12.232733 
19 -73.335107 nan -73.335107 -19.489050 nan -24.855939 -22.172495 -48.657222 -34.512394 -19.011931 
20 -59.327354 nan -59.327354 -25.300194 nan -43.349817 -34.325006 -48.013081 -36.814221 -14.262827 
21 -52.792355 nan -52.792355 -30.654903 nan -60.600486 -45.627695 -50.321925 -40.751310 -10.013116 
22 -44.274656 nan -44.274656 -29.500658 nan -68.541405 -49.021032 -49.515232 -40.973809 -8.357322 
23 -38.912402 nan -38.912402 -29.582969 nan -75.451799 -52.517384 -48.947846 -41.121615 -8.258684 
24 -36.060248 nan -36.060248 -31.438552 nan -82.807262 -57.122907 -49.355260 -42.076475 -8.299320 
25 -35.077741 nan -35.077741 -33.300097 nan -88.886776 -61.093436 -49.621044 -42.849822 -10.199353 
26 -32.214491 nan -32.214491 -33.876069 nan -91.885411 -62.880740 -48.576548 -42.260641 -11.570849 
27 -28.968096 nan -28.968096 -34.078285 nan -92.632993 -63.355639 -46.744749 -40.838152 -12.338341 
28 -17.521107 nan -17.521107 -33.449665 nan -96.673276 -65.061471 -44.376707 -38.829082 -6.829343 
29 4.072013 nan 4.072013 -29.085661 nan -117.312346 -73.199004 -38.399233 -35.576305 1.359199 
30 21.311678 nan 21.311678 -17.378349 nan -116.969283 -67.173816 -27.676708 -29.658937 4.630023 
31 63.956175 nan 63.956175 20.531159 nan -93.398884 -36.433862 -1.550940 -12.674456 12.961634 
32 132.065742 nan 132.065742 111.197503 nan 2.152295 56.674899 60.719741 2.486067 25.520748 
33 83.406606 nan 83.406606 173.940758 nan 71.126324 122.533541 55.181704 6.709501 29.052671 
34 71.828311 nan 71.828311 237.000946 nan 174.227867 205.614407 48.075205 12.013464 31.739586 
35 66.571348 nan 66.571348 261.237256 nan 197.722597 229.479926 37.060000 26.784481 35.043749 
36 45.168341 nan 45.168341 264.584609 nan 204.172648 234.378629 21.180472 26.552834 33.378480 
37 5.295412 nan 5.295412 229.442621 nan 179.489430 204.466026 -2.969698 19.409697 26.757261 
38 14.167039 nan 14.167039 215.172305 nan 171.359121 193.265713 14.622114 10.264159 23.065274 
39 -21.096579 nan -21.096579 139.664355 nan 110.559947 125.112151 21.776375 -2.909976 14.523503 
40 -47.131592 nan -47.131592 47.220144 nan 30.277138 38.748641 17.469087 -16.097912 6.229753 
41 -63.925572 nan -63.925572 15.985458 nan 4.486595 10.236027 -14.247645 -27.409808 -2.542807 
42 -76.568834 nan -76.568834 -17.597545 nan -16.189549 -16.893547 -52.153862 -19.696256 -26.072541 
43 -95.292758 nan -95.292758 -38.931697 nan -34.387073 -36.659385 -35.740911 -14.826086 -40.048173 
44 -85.370519 nan -85.370519 -38.043469 nan -35.543248 -36.793358 -18.418275 -1.166354 -38.245576 
45 -80.187783 nan -80.187783 -36.919437 nan -35.465647 -36.192542 -13.043930 2.040721 -38.222034 
46 -68.004990 nan -68.004990 -34.144908 nan -34.201285 -34.173096 -14.322139 -0.677602 -34.755757 
47 -59.985550 nan -59.985550 -33.698052 nan -35.695464 -34.696758 -23.911303 -11.374871 -31.728435 
48 -59.869999 nan -59.869999 -36.037981 nan -39.952265 -37.995123 -29.677500 -18.055225 -32.531731 
49 -51.715161 nan -51.715161 -35.384351 nan -40.716988 -38.050669 -27.296868 -16.380796 -31.320073 
50 -48.990810 nan -48.990810 -35.029208 nan -41.444480 -38.236844 -27.594802 -17.352541 -30.553184 
51 -37.062958 nan -37.062958 -32.068006 nan -39.936511 -36.002259 -30.028992 -20.374389 -26.181729 
52 -6.261467 nan -6.261467 -22.983547 nan -60.393924 -41.688735 -37.802718 -31.278349 -17.435830 
53 72.797997 nan 72.797997 -27.229120 nan -113.733975 -70.481547 -27.181350 -34.036656 2.541645 
54 83.794389 nan 83.794389 -6.553887 nan -90.595937 -48.574912 -4.067878 -20.225723 7.490919 
55 171.556094 nan 171.556094 40.527353 nan -48.137321 -3.804984 38.445188 2.225301 18.865712 
56 95.891456 nan 95.891456 32.090624 nan -34.087930 -0.998653 14.719353 19.958495 22.708380 
57 66.192615 nan 66.192615 29.020137 nan -31.019869 -0.999866 12.631943 19.360797 23.500083 
58 37.853452 nan 37.853452 19.817173 nan -32.560382 -6.371604 5.041586 18.404288 22.263975 
59 50.982039 nan 50.982039 42.704255 nan -12.488905 15.107675 16.514499 19.685521 25.275090 
60 0.972166 nan 0.972166 20.067205 nan -20.706678 -0.319736 1.817834 13.104656 20.575365 
61 2.146295 nan 2.146295 24.910065 nan -17.649856 3.630104 -2.045721 9.249597 19.391276 
62 -12.019482 nan -12.019482 16.277112 nan -22.239777 -2.981333 -4.789403 1.237162 16.120073 
63 28.608561 nan 28.608561 36.420369 nan -9.623424 13.398472 20.138040 9.227742 18.503175 
64 -19.567076 nan -19.567076 -7.193294 nan -34.015091 -20.604192 18.489220 -7.376353 10.263598 
65 -38.480592 nan -38.480592 -20.374075 nan -35.152888 -27.763481 12.715665 -18.588041 2.195901 
66 -81.502727 nan -81.502727 -25.588192 nan -20.406547 -22.997370 -46.008088 -18.798143 -22.325390 
67 -98.612982 nan -98.612982 -42.342149 nan -36.163013 -39.252581 -35.246054 -19.345138 -37.871434 
68 -92.343743 nan -92.343743 -42.250006 nan -37.906740 -40.078373 -27.755943 -14.972842 -38.106312 
69 -65.934685 nan -65.934685 -36.722350 nan -33.105088 -34.913719 -16.736071 -5.580125 -33.053825 
70 -81.231464 nan -81.231464 -39.975684 nan -37.138118 -38.556901 -25.989657 -16.067639 -37.282369 
71 -53.267383 nan -53.267383 -36.554983 nan -35.080650 -35.817816 -20.235104 -11.047940 -33.463821 
72 -61.145132 nan -61.145132 -35.687202 nan -35.381464 -35.534333 -25.072959 -16.632990 -31.907321 
73 -64.647701 nan -64.647701 -38.306329 nan -39.393625 -38.849977 -27.706626 -19.828537 -34.950595 
74 -59.830718 nan -59.830718 -37.804757 nan -39.897771 -38.851264 -25.316027 -17.908681 -34.649220 
75 -50.629525 nan -50.629525 -34.971654 nan -37.854816 -36.413235 -22.380711 -15.402011 -32.214993 
76 -1.104143 nan -1.104143 -16.989297 nan -24.976606 -20.982952 -31.638514 -29.138902 -16.776653 
77 102.683667 nan 102.683667 2.973492 nan -58.165707 -27.596108 -4.335523 -28.418931 2.482154 
78 166.252881 nan 166.252881 43.691251 nan -13.128113 15.281569 43.169338 -1.414284 12.558580 
79 215.490843 nan 215.490843 69.036619 nan 13.678291 41.357455 68.292907 18.795514 23.651853 
80 220.247139 nan 220.247139 109.645242 nan 64.738732 87.191987 106.283050 30.078206 36.257321 
81 206.854282 nan 206.854282 159.736794 nan 137.966157 148.851476 131.713145 42.166617 47.852850 
82 169.819435 nan 169.819435 189.064637 nan 190.677052 189.870845 127.572672 50.951412 55.350395 
83 135.921952 nan 135.921952 196.802672 nan 214.941242 205.871957 103.295149 58.798080 57.684601 
84 85.791168 nan 85.791168 203.951875 nan 224.126765 214.039320 63.775221 60.305034 53.002252 
85 51.551569 nan 51.551569 266.040879 nan 256.217389 261.129134 9.116763 56.615920 45.202565 
86 -72.254514 nan -72.254514 210.771504 nan 146.547485 178.659494 38.507406 41.648844 26.885371 
87 -44.934757 nan -44.934757 153.311006 nan 122.770598 138.040802 67.743453 21.422435 17.673012 
88 -66.842992 nan -66.842992 28.351002 nan 21.440503 24.895753 79.309466 12.802253 9.625989 
89 -103.902030 nan -103.902030 8.892234 nan 13.441347 11.166791 4.682031 1.827466 3.954926 
90 -148.075232 nan -148.075232 -22.149254 nan -10.006669 -16.077961 -73.754454 -14.016717 -11.281752 
91 -96.164383 nan -96.164383 -39.295755 nan -20.335905 -29.815830 -46.195402 -5.920384 -23.309770 
92 -89.059637 nan -89.059637 -39.537544 nan -21.167790 -30.352667 -40.974974 -7.377799 -23.108261 
93 -88.246387 nan -88.246387 -41.604942 nan -25.404715 -33.504828 -42.587180 -13.410733 -25.368016 
94 -82.351550 nan -82.351550 -41.500542 nan -27.397854 -34.449198 -42.483807 -15.714884 -26.342784 
95 -56.341140 nan -56.341140 -38.896527 nan -23.501905 -31.199216 -50.952306 -26.426234 -15.703323 
96 -53.768320 nan -53.768320 -42.705525 nan -30.932596 -36.819060 -51.483810 -28.562488 -17.319814 
97 -53.390919 nan -53.390919 -40.187776 nan -32.234232 -36.211004 -48.404208 -26.940523 -19.424348 
98 -42.283343 nan -42.283343 -40.775476 nan -33.481270 -37.128373 -48.855816 -28.691339 -15.811123 
99 -41.196507 nan -41.196507 -39.114942 nan -35.084889 -37.099915 -46.741874 -27.789496 -16.731323 
100 3.953177 nan 3.953177 -47.895136 nan -64.289146 -56.092141 -49.900824 -34.550236 -1.108402 
101 85.583421 nan 85.583421 6.448347 nan -19.983567 -6.767610 -5.502139 -12.896615 4.035705 
102 170.700613 nan 170.700613 54.009010 nan 26.858058 40.433534 51.731147 6.788389 12.896643 
103 183.269015 nan 183.269015 93.541691 nan 72.597831 83.069761 92.125971 23.519978 24.614458 
104 166.545407 nan 166.545407 135.307120 nan 128.856699 132.081909 117.559254 40.137179 37.238291 
105 135.755997 nan 135.755997 152.175484 nan 157.872049 155.023767 117.165240 50.646393 46.921408 
106 86.543034 nan 86.543034 143.681187 nan 157.320486 150.500836 89.037070 54.576743 49.259804 
107 50.075651 nan 50.075651 125.481944 nan 142.266418 133.874181 56.699663 51.419088 45.835713 
108 79.821151 nan 79.821151 174.571614 nan 192.724786 183.648200 47.197565 52.094392 48.489413 
109 1.867900 nan 1.867900 156.479075 nan 164.200718 160.339896 -7.569403 43.248519 36.295197 
110 4.641603 nan 4.641603 170.744623 nan 129.644984 150.194804 39.906044 37.505708 29.520401 
111 -35.825237 nan -35.825237 138.919620 nan 117.226076 128.072848 56.512286 25.243922 19.180074 
112 -84.059994 nan -84.059994 21.283769 nan 16.216897 18.750333 32.368548 4.189652 8.623624 
113 -84.942547 nan -84.942547 3.428992 nan 3.809283 3.619138 2.603297 -7.460375 2.483269 
114 -125.507525 nan -125.507525 -25.708090 nan -14.422343 -20.065217 -75.139187 -15.030358 -16.144511 
115 -104.732446 nan -104.732446 -44.649744 nan -24.545940 -34.597842 -47.006835 -5.768407 -29.533081 
116 -100.066099 nan -100.066099 -45.423973 nan -25.533000 -35.478487 -40.660404 -5.746792 -30.874385 
117 -92.067066 nan -92.067066 -44.767835 nan -27.220876 -35.994356 -40.938683 -9.923975 -30.531070 
118 -84.930884 nan -84.930884 -44.265953 nan -29.194422 -36.730188 -41.420115 -13.163585 -30.519219 
119 -78.036820 nan -78.036820 -43.480851 nan -30.529653 -37.005252 -41.317957 -15.197531 -30.232989 
120 -71.825360 nan -71.825360 -42.620356 nan -31.360905 -36.990630 -40.918093 -16.566025 -29.912118 
121 -66.575351 nan -66.575351 -41.890240 nan -32.155662 -37.022951 -40.582914 -17.765455 -29.703627 
122 -62.451649 nan -62.451649 -41.522456 nan -33.183853 -37.353155 -41.347785 -19.914761 -29.666518 
123 -59.539252 nan -59.539252 -40.858250 nan -34.242380 -37.550315 -42.942680 -22.926402 -28.731152 
124 -2.215656 nan -2.215656 -33.978625 nan -40.449568 -37.214096 -52.608099 -37.338662 -13.672635 
125 98.577195 nan 98.577195 -2.383221 nan -37.669425 -20.026323 -13.399709 -25.040831 3.228775 
126 192.882806 nan 192.882806 53.450209 nan 22.767736 38.108973 48.363329 1.090193 12.526848 
127 249.470256 nan 249.470256 96.387807 nan 68.649995 82.518901 94.272899 21.124253 24.825876 
128 242.040050 nan 242.040050 132.841457 nan 113.565159 123.203308 119.886609 37.008209 38.017019 
129 214.467044 nan 214.467044 156.822691 nan 147.285135 152.053913 128.836472 48.004218 49.657525 
130 155.702355 nan 155.702355 160.769828 nan 161.954588 161.362208 107.721698 52.910380 55.668912 
131 67.875905 nan 67.875905 125.314563 nan 136.447268 130.880915 59.827024 48.138246 49.388482 
132 105.434306 nan 105.434306 157.488361 nan 169.724324 163.606343 48.936456 58.079626 52.352666 
133 25.640049 nan 25.640049 142.595202 nan 170.390010 156.492606 -9.887561 44.992300 40.803179 
134 -2.852653 nan -2.852653 82.812307 nan 98.398811 90.605559 44.714806 43.222389 31.487218 
135 -31.631290 nan -31.631290 34.984983 nan 43.097598 39.041290 81.868805 33.213695 20.748716 
136 -65.933049 nan -65.933049 -27.805684 nan -3.500530 -15.653107 99.167254 26.390952 10.868315 
137 -124.943441 nan -124.943441 -27.682658 nan 2.668124 -12.507267 6.363299 8.886172 3.782592 
138 -173.408330 nan -173.408330 -42.191977 nan -11.814865 -27.003421 -83.523294 -10.728850 -11.907496 
139 -114.465819 nan -114.465819 -51.142025 nan -21.793791 -36.467908 -57.605070 -7.964628 -25.291780 
140 -105.749096 nan -105.749096 -50.104031 nan -25.135984 -37.620007 -57.423516 -15.516555 -25.867996 
141 -97.136971 nan -97.136971 -50.049471 nan -29.484984 -39.767228 -60.803311 -23.779767 -26.228688 
142 -86.200641 nan -86.200641 -54.648250 nan -32.724058 -43.686154 -61.790870 -28.194795 -25.274631 
143 -76.916542 nan -76.916542 -57.622396 nan -37.721617 -47.672007 -63.304197 -32.305250 -24.299828 
144 -68.660401 nan -68.660401 -56.524459 nan -42.297442 -49.410950 -62.330750 -33.479614 -23.577489 
145 -61.859146 nan -61.859146 -52.171650 nan -42.524410 -47.348030 -58.784922 -31.802889 -22.744674 
146 -56.470405 nan -56.470405 -47.438630 nan -41.019727 -44.229178 -54.555368 -29.239085 -22.042365 
147 -49.085340 nan -49.085340 -45.315226 nan -41.035584 -43.175405 -52.508577 -28.687869 -20.496881 
148 -1.451876 nan -1.451876 -47.790504 nan -66.482410 -57.136457 -52.784924 -33.622481 -5.493805 
149 89.873732 nan 89.873732 8.544819 nan -22.123340 -6.789261 -6.436567 -6.603483 5.203207 
150 152.329466 nan 152.329466 36.405272 nan 14.191684 25.298478 22.368820 14.374455 12.903824 
151 167.439976 nan 167.439976 58.597836 nan 37.670388 48.134112 37.560529 36.577641 22.562836 
152 143.075856 nan 143.075856 66.644745 nan 44.945956 55.795350 42.647860 46.414703 28.679852 
153 206.850697 nan 206.850697 124.899190 nan 94.281937 109.590563 96.275624 56.917945 43.610547 
154 189.410192 nan 189.410192 150.780505 nan 128.016072 139.398289 106.349417 63.984673 53.073802 
155 163.838074 nan 163.838074 181.301910 nan 182.353198 181.827554 102.300936 66.231830 57.823568 
156 122.173327 nan 122.173327 194.855549 nan 228.202405 211.528977 73.636316 62.474586 55.603285 
157 41.869825 nan 41.869825 170.135773 nan 226.191826 198.163800 18.473383 62.826940 46.255799 
158 -57.784607 nan -57.784607 34.097698 nan 77.940893 56.019295 47.894215 42.511406 33.879227 
159 -90.294307 nan -90.294307 -42.360259 nan -13.987290 -28.173775 37.438034 22.227161 20.150619 
160 -71.878863 nan -71.878863 -57.496832 nan -14.287841 -35.892337 66.639007 14.123111 11.902385 
161 -133.520370 nan -133.520370 -53.946531 nan 1.400078 -26.273226 -24.735168 -1.949378 5.021100 
162 -144.860174 nan -144.860174 -61.247747 nan -9.486517 -35.367132 -64.048620 -17.496892 -2.974544 
163 -114.870480 nan -114.870480 -59.259512 nan -16.522424 -37.890968 -56.362846 -22.257482 -16.165444 
164 -92.021910 nan -92.021910 -61.382558 nan -23.412611 -42.397585 -55.449173 -26.306100 -13.699296 
165 -67.627203 nan -67.627203 -53.578157 nan -24.736390 -39.157274 -50.808945 -24.793560 -10.719225 
166 -63.448888 nan -63.448888 -57.442541 nan -33.604068 -45.523305 -53.067425 -29.294666 -12.086416 
167 -55.081272 nan -55.081272 -61.206511 nan -43.972653 -52.589582 -55.097592 -33.096424 -9.369224 
168 -45.982334 nan -45.982334 -56.618432 nan -45.703233 -51.160832 -53.158103 -32.637093 -9.206212 
169 -39.909095 nan -39.909095 -53.933960 nan -46.681414 -50.307687 -51.581569 -32.347877 -9.346477 
170 -42.104631 nan -42.104631 -36.802094 nan -31.960813 -34.381454 -42.798935 -24.855491 -13.272423 
171 -28.589150 nan -28.589150 -36.770601 nan -30.727148 -33.748874 -41.364733 -24.443605 -7.819020 
172 8.345592 nan 8.345592 -40.997578 nan -48.572799 -44.785188 -40.352334 -24.801293 1.965616 
173 69.375933 nan 69.375933 -7.879765 nan -29.985457 -18.932611 -13.815506 -6.398430 7.934093 
174 154.505968 nan 154.505968 49.903613 nan 17.285238 33.594425 45.874427 10.777479 13.918890 
175 149.889711 nan 149.889711 60.716822 nan 28.245707 44.481264 59.749631 24.367457 22.691243 
176 157.004395 nan 157.004395 85.001357 nan 54.087177 69.544267 77.223504 37.060995 32.192061 
177 137.601448 nan 137.601448 99.678770 nan 78.420356 89.049563 84.071240 39.313693 38.617390 
178 140.013948 nan 140.013948 121.986705 nan 109.146380 115.566542 88.184881 50.121997 46.937060 
179 63.468520 nan 63.468520 90.518238 nan 85.694560 88.106399 55.965719 52.389162 45.718506 
180 7.793490 nan 7.793490 58.636276 nan 61.372268 60.004272 24.210097 42.165866 38.547446 
181 33.231813 nan 33.231813 88.844835 nan 96.678544 92.761690 2.394276 36.071728 35.515261 
182 4.399441 nan 4.399441 52.498621 nan 67.355595 59.927108 34.058070 27.069488 28.596077 
183 -31.937020 nan -31.937020 3.317085 nan 23.400812 13.358949 57.876600 18.277380 19.325336 
184 -57.121578 nan -57.121578 -39.239100 nan -4.295023 -21.767062 64.941677 13.440505 11.473368 
185 -93.359604 nan -93.359604 -32.798752 nan 0.197022 -16.300865 0.926074 1.332078 4.667107 
186 -134.507855 nan -134.507855 -43.819460 nan -5.565452 -24.692456 -63.837372 -13.197288 -5.982234 
187 -101.821328 nan -101.821328 -40.446932 nan -19.414526 -29.930729 -49.180848 -14.860916 -20.678648 
188 -85.015689 nan -85.015689 -40.585291 nan -21.574582 -31.079936 -39.857682 -11.218184 -22.567965 
189 -78.394431 nan -78.394431 -40.229108 nan -24.057049 -32.143079 -40.157440 -14.910069 -22.558556 
190 -72.574234 nan -72.574234 -39.976171 nan -26.127355 -33.051763 -40.424504 -17.532867 -22.669046 
191 -67.141492 nan -67.141492 -39.695382 nan -27.807277 -33.751329 -40.702452 -19.602374 -22.714274 
192 -61.658560 nan -61.658560 -39.565006 nan -29.482817 -34.523912 -40.889249 -21.254413 -22.873090 
193 -57.762265 nan -57.762265 -39.514795 nan -31.018296 -35.266545 -40.100724 -21.726862 -23.283040 
194 -54.888656 nan -54.888656 -39.563733 nan -32.565884 -36.064808 -39.261235 -22.010152 -23.880350 
195 -49.529946 nan -49.529946 -38.518013 nan -33.011991 -35.765002 -39.099905 -22.872804 -23.080451 
196 0.731880 nan 0.731880 -51.413808 nan -63.160912 -57.287360 -46.093544 -34.158633 -8.485461 
197 99.303239 nan 99.303239 11.192377 nan -14.106077 -1.456850 4.312118 -9.839490 4.034817 
198 207.997360 nan 207.997360 63.142824 nan 41.154766 52.148795 62.229605 14.531872 13.245634 
199 245.304056 nan 245.304056 106.950032 nan 80.396587 93.673309 106.383028 34.356985 25.394665 
200 240.152530 nan 240.152530 142.197483 nan 117.879798 130.038641 130.817076 48.994891 38.336910 
201 214.757128 nan 214.757128 164.965178 nan 148.052100 156.508639 138.765139 59.518767 49.840733 
202 169.542820 nan 169.542820 172.123354 nan 172.366081 172.244717 124.048033 66.179030 57.031507 
203 131.974881 nan 131.974881 170.834607 nan 190.098975 180.466791 99.994380 68.270406 59.198935 
204 88.502733 nan 88.502733 157.075189 nan 195.368875 176.222032 62.279835 67.419201 55.342372 
205 47.858538 nan 47.858538 147.919145 nan 205.716086 176.817615 7.048599 62.195700 46.971214 
206 -4.151604 nan -4.151604 57.714649 nan 113.398619 85.556634 64.439009 55.331242 35.348513 
207 -44.063598 nan -44.063598 -11.489490 nan 39.249431 13.879970 99.197454 43.607302 23.164366 
208 -122.704464 nan -122.704464 -77.660666 nan 1.905801 -37.877432 73.551772 26.061143 10.055598 
209 -118.721693 nan -118.721693 -51.864277 nan 0.501899 -25.681189 20.228640 13.732819 3.852019 
210 -178.272216 nan -178.272216 -62.332252 nan -8.690206 -35.511229 -77.892913 -6.935006 -11.079593 
211 -116.773989 nan -116.773989 -56.204850 nan -24.418199 -40.311525 -52.349957 -4.687909 -25.593697 
212 -111.191233 nan -111.191233 -54.240811 nan -27.080159 -40.660485 -47.131494 -7.003649 -27.787470 
213 -101.604165 nan -101.604165 -52.414494 nan -29.605222 -41.009858 -47.370464 -11.979652 -27.692764 
214 -93.215455 nan -93.215455 -51.229852 nan -31.963013 -41.596432 -47.375631 -15.280488 -27.781055 
215 -84.788792 nan -84.788792 -49.894495 nan -33.650020 -41.772257 -47.536469 -17.953968 -27.400561 
216 -77.304819 nan -77.304819 -48.879865 nan -35.277706 -42.078786 -47.633307 -20.110191 -27.112290 
217 -71.114180 nan -71.114180 -48.123286 nan -36.788231 -42.455759 -46.914743 -21.166404 -27.151426 
218 -65.951190 nan -65.951190 -47.397443 nan -38.102841 -42.750142 -45.531292 -21.366970 -27.246762 
219 -58.647098 nan -58.647098 -45.768253 nan -38.533360 -42.150807 -45.861870 -23.141262 -25.997835 
220 -5.089416 nan -5.089416 -61.799071 nan -81.868098 -71.833584 -58.066185 -40.685403 -11.492683 
221 97.762641 nan 97.762641 -0.788526 nan -41.943505 -21.366016 -6.032785 -16.444781 3.478403 
222 214.274324 nan 214.274324 57.660327 nan 21.493765 39.577046 56.159573 11.175027 13.049147 
223 257.638611 nan 257.638611 103.717954 nan 65.539516 84.628735 102.282765 31.800197 25.266790 
224 252.422981 nan 252.422981 140.574794 nan 107.133759 123.854277 127.743232 47.420458 38.447413 
225 223.653287 nan 223.653287 163.596803 nan 144.862865 154.229834 135.717873 58.560216 50.030499 
226 184.431114 nan 184.431114 176.359106 nan 180.379260 178.369183 124.416794 65.483606 57.287804 
227 133.679569 nan 133.679569 166.491822 nan 190.994790 178.743306 95.938455 69.627528 59.139966 
228 78.940354 nan 78.940354 147.631031 nan 192.456981 170.044006 55.724736 65.758917 55.699487 
229 -8.134771 nan -8.134771 96.766517 nan 148.462684 122.614601 -4.518138 56.935071 42.064363 
230 -9.363608 nan -9.363608 43.277682 nan 88.278361 65.778021 49.575282 49.683430 34.197567 
231 -111.754084 nan -111.754084 -53.190845 nan -6.288351 -29.739598 47.852896 28.809344 19.714794 
232 -131.107195 nan -131.107195 -82.577056 nan -17.494620 -50.035838 16.018125 17.926063 11.446731 
233 -107.056921 nan -107.056921 -70.271192 nan -4.772909 -37.522051 9.533290 3.395233 4.893907 
234 -158.009312 nan -158.009312 -71.635132 nan -13.930455 -42.782794 -74.195492 -12.817094 -6.883534 
235 -120.541266 nan -120.541266 -63.839373 nan -25.846843 -44.843108 -60.565219 -16.796824 -20.981852 
236 -88.367803 nan -88.367803 -47.623588 nan -25.180804 -36.402196 -50.486161 -13.043632 -18.593569 
237 -87.935356 nan -87.935356 -50.123526 nan -31.026728 -40.575127 -49.625224 -15.770921 -22.973170 
238 -78.408980 nan -78.408980 -48.471553 nan -32.324345 -40.397949 -49.319524 -18.305433 -22.111581 
239 -73.323660 nan -73.323660 -51.587775 nan -38.975740 -45.281758 -49.507773 -20.767799 -22.847003 
240 -68.280618 nan -68.280618 -51.092295 nan -40.522439 -45.807367 -48.773393 -21.954099 -23.201471 
241 -67.120653 nan -67.120653 -48.599559 nan -41.918385 -45.258972 -46.585706 -21.452127 -25.326887 
242 -59.651500 nan -59.651500 -48.527495 nan -42.723114 -45.625304 -45.744483 -22.126831 -24.253560 
243 -54.117214 nan -54.117214 -47.844567 nan -43.536413 -45.690490 -44.741032 -22.526180 -23.752635 
244 -4.645032 nan -4.645032 -59.712230 nan -78.982284 -69.347257 -51.887349 -34.401742 -9.594461 
245 93.731805 nan 93.731805 -12.846556 nan -59.467472 -36.157014 -8.717528 -17.034216 3.739651 
246 192.766766 nan 192.766766 37.084355 nan -9.413295 13.835530 47.267263 5.577277 13.296516 
247 215.860364 nan 215.860364 73.407172 nan 29.016734 51.211953 88.046432 21.375029 24.997270 
248 210.024598 nan 210.024598 105.284347 nan 70.777783 88.031065 111.479036 34.502610 37.971548 
249 181.993364 nan 181.993364 123.954362 nan 103.210797 113.582580 116.811739 43.568224 49.087389 
250 152.817672 nan 152.817672 150.060622 nan 153.765949 151.913285 109.292973 53.985132 56.498557 
251 97.264917 nan 97.264917 134.848105 nan 161.620289 148.234197 78.972782 62.043946 56.196645 
252 56.733352 nan 56.733352 105.314780 nan 155.172051 130.243416 43.635094 58.987494 50.847570 
253 21.373559 nan 21.373559 47.324208 nan 130.131868 88.728038 -4.904469 51.886198 42.565282 
254 -57.297017 nan -57.297017 -120.319253 nan -19.490434 -69.904843 24.680356 36.654095 29.363505 
255 -72.874575 nan -72.874575 -180.797666 nan -75.834073 -128.315870 39.303712 22.937115 18.915446 
256 -71.115335 nan -71.115335 -166.105606 nan -61.439440 -113.772523 56.725024 17.239285 10.939391 
257 -102.615668 nan -102.615668 -119.637373 nan -37.317856 -78.477614 1.684126 3.136226 4.058600 
258 -144.745449 nan -144.745449 -107.278434 nan -29.678507 -68.478471 -72.852744 -12.818146 -2.878373 
259 -104.284671 nan -104.284671 -78.978226 nan -29.607046 -54.292636 -57.597267 -14.750216 -15.848170 
260 -80.519966 nan -80.519966 -44.586505 nan -26.477762 -35.532134 -43.168803 -6.508616 -20.051379 
261 -72.992814 nan -72.992814 -42.590837 nan -26.907899 -34.749368 -42.160985 -9.354122 -19.487327 
262 -69.983233 nan -69.983233 -43.101086 nan -29.412738 -36.256912 -41.920789 -11.936268 -20.922148 
263 -65.553743 nan -65.553743 -42.873597 nan -30.879287 -36.876442 -42.446658 -14.970303 -20.790876 
264 -59.331296 nan -59.331296 -47.327136 nan -35.259128 -41.293132 -44.138613 -18.231735 -20.932832 
265 -50.710388 nan -50.710388 -47.712213 nan -38.292709 -43.002461 -44.253121 -19.975978 -19.393319 
266 -43.705466 nan -43.705466 -48.274787 nan -42.179265 -45.227026 -44.549425 -21.770562 -17.591109 
267 -35.059623 nan -35.059623 -50.103791 nan -48.080196 -49.091994 -45.776511 -24.342724 -15.022959 
268 5.807152 nan 5.807152 -51.561479 nan -75.306171 -63.433825 -44.852105 -27.954019 -3.535445 
269 84.090433 nan 84.090433 -5.291740 nan -42.378916 -23.835328 -4.390008 -8.630194 3.898032 
270 145.623069 nan 145.623069 13.304619 nan -40.778482 -13.736931 25.634928 5.925436 13.764656 
271 184.681895 nan 184.681895 57.070249 nan 3.833869 30.452059 73.390234 18.010846 23.654592 
272 166.199003 nan 166.199003 77.111713 nan 32.093321 54.602517 81.258301 31.883670 32.336141 
273 112.058816 nan 112.058816 100.034769 nan 76.103739 88.069254 79.595323 41.899536 37.547000 
274 97.681025 nan 97.681025 109.371469 nan 93.126513 101.248991 75.627049 52.317964 43.527657 
275 105.307902 nan 105.307902 114.963525 nan 106.916593 110.940059 69.861485 57.972761 47.933485 
276 105.889413 nan 105.889413 133.855030 nan 158.644992 146.250011 56.441055 54.948882 49.506879 
277 -39.051036 nan -39.051036 23.320431 nan 90.340513 56.830472 -4.203065 42.255660 39.042298 
278 -96.106729 nan -96.106729 -203.406104 nan -106.395883 -154.900993 5.085309 20.281567 23.194527 
279 -11.086538 nan -11.086538 -271.691658 nan -176.808340 -224.249999 61.917999 8.047696 18.921629 
280 -104.845410 nan -104.845410 -254.899726 nan -157.793067 -206.346396 8.264676 2.738035 10.203656 
281 -123.876358 nan -123.876358 -193.686751 nan -121.303261 -157.495006 -51.273509 -14.358629 3.550156 
282 -109.574618 nan -109.574618 -137.217683 nan -82.442460 -109.830071 -61.763624 -21.559005 -9.322786 
283 -84.450665 nan -84.450665 -59.496639 nan -41.704121 -50.600380 -41.839266 -10.267880 -27.308183 
284 -80.075844 nan -80.075844 -44.673407 nan -34.325020 -39.499213 -38.250975 -10.390555 -27.431805 
285 -72.343107 nan -72.343107 -43.241901 nan -34.930635 -39.086268 -38.084928 -12.819784 -26.401577 
286 -64.289214 nan -64.289214 -43.675165 nan -39.361712 -41.518439 -39.614899 -16.334968 -25.046803 
287 -61.115639 nan -61.115639 -46.952102 nan -42.801457 -44.876779 -39.948714 -18.298730 -26.035090 
288 -59.076667 nan -59.076667 -46.313622 nan -44.528789 -45.421206 -38.617612 -18.364896 -27.262382 
289 -51.527380 nan -51.527380 -46.285438 nan -45.341997 -45.813718 -39.306788 -20.297757 -25.482700 
290 -48.475851 nan -48.475851 -46.198884 nan -47.661702 -46.930293 -38.788923 -20.920519 -25.585497 
291 -34.060584 nan -34.060584 -46.778332 nan -50.477400 -48.627866 -40.178162 -23.357249 -19.938919 
292 3.098235 nan 3.098235 -62.285223 nan -93.016773 -77.650998 -47.190057 -33.720714 -7.808407 
293 78.020674 nan 78.020674 -21.150420 nan -78.112156 -49.631288 -12.700284 -16.630688 3.140525 
294 99.728726 nan 99.728726 -14.865908 nan -65.541564 -40.203736 -7.396581 -0.560130 8.955920 
295 126.801629 nan 126.801629 9.102207 nan -50.391836 -20.644815 15.045820 12.456998 15.810695 
296 164.543087 nan 164.543087 44.315862 nan -22.577715 10.869073 48.612231 28.636286 26.528368 
297 129.230138 nan 129.230138 45.907290 nan -10.186186 17.860552 45.898022 40.851204 31.393619 
298 183.296778 nan 183.296778 99.851058 nan 45.750298 72.800678 83.186224 52.738203 43.248037 
299 108.539002 nan 108.539002 78.754047 nan 47.529376 63.141712 64.523568 50.505853 44.042543 
300 35.037710 nan 35.037710 64.609580 nan 60.891117 62.750348 40.597679 46.406917 39.672364 
301 -86.499158 nan -86.499158 -46.408592 nan -24.622269 -35.515430 -9.841945 17.556820 22.035942 
302 -26.832296 nan -26.832296 -64.272705 nan -53.847691 -59.060198 4.960570 17.854055 20.057757 
303 17.204384 nan 17.204384 -55.035579 nan -33.325680 -44.180630 61.496049 5.388622 17.862150 
304 -85.785505 nan -85.785505 -111.940843 nan -52.954768 -82.447806 16.277064 -2.413865 8.137001 
305 -79.723769 nan -79.723769 -102.617220 nan -58.970614 -80.793917 9.180995 -15.253193 2.584549 
306 -103.999678 nan -103.999678 -76.256715 nan -32.753319 -54.505017 -59.513300 -18.497810 -7.542930 
307 -78.303872 nan -78.303872 -60.919692 nan -31.924309 -46.422000 -45.769532 -19.116725 -16.737444 
308 -65.460383 nan -65.460383 -36.386597 nan -26.237652 -31.312125 -32.880033 -11.032880 -21.446783 
309 -65.055277 nan -65.055277 -37.462324 nan -28.092410 -32.777367 -31.555957 -12.324533 -23.763373 
310 -57.371980 nan -57.371980 -36.616388 nan -28.595641 -32.606014 -31.098917 -13.717731 -22.628343 
311 -58.483597 nan -58.483597 -38.980145 nan -32.115485 -35.547815 -31.077240 -15.097895 -25.533405 
312 -42.940469 nan -42.940469 -39.146514 nan -32.350844 -35.748679 -33.105509 -18.249326 -19.988811 
313 -39.473414 nan -39.473414 -40.618322 nan -36.993859 -38.806090 -33.613923 -19.726310 -19.802162 
314 -26.571600 nan -26.571600 -41.694667 nan -40.710066 -41.202366 -34.791487 -21.763906 -14.392000 
315 -12.801486 nan -12.801486 -62.574770 nan -69.349500 -65.962135 -42.368154 -30.278136 -6.408557 
316 15.280577 nan 15.280577 -48.853266 nan -66.982998 -57.918132 -35.459211 -24.362432 1.320588 
317 70.040611 nan 70.040611 -21.312010 nan -58.979296 -40.145653 -14.381780 -8.394440 6.394022 
318 104.434198 nan 104.434198 3.399960 nan -44.579168 -20.589604 9.432028 5.381654 12.177185 
319 182.020006 nan 182.020006 59.619969 nan 0.385107 30.002538 69.683721 20.964602 21.750303 
320 175.244274 nan 175.244274 82.687367 nan 33.866723 58.277045 88.134811 32.670896 30.892455 
321 198.075908 nan 198.075908 124.694997 nan 84.354770 104.524884 118.270094 42.826272 43.159539 
322 159.780720 nan 159.780720 130.243818 nan 100.059739 115.151779 107.341565 54.550688 50.878191 
323 107.201419 nan 107.201419 120.735945 nan 110.241215 115.488580 81.952646 51.543402 51.084387 
324 28.369793 nan 28.369793 74.692000 nan 81.930916 78.311458 38.014120 47.514007 42.961936 
325 28.833915 nan 28.833915 86.545800 nan 111.780005 99.162902 1.661333 40.338936 37.722886 
326 27.041377 nan 27.041377 34.726758 nan 78.038142 56.382450 55.543786 36.733371 31.765145 
327 -34.201249 nan -34.201249 -46.711801 nan 8.059786 -19.326007 83.085141 27.222232 19.095511 
328 -81.778866 nan -81.778866 -86.269484 nan -18.442753 -52.356119 67.090722 20.941140 9.813883 
329 -96.614487 nan -96.614487 -64.628721 nan -9.596736 -37.112729 24.304377 6.618005 2.797750 
330 -140.133653 nan -140.133653 -53.892458 nan -10.441759 -32.167109 -63.429775 -4.095895 -12.755707 
331 -92.890514 nan -92.890514 -44.556884 nan -21.979726 -33.268305 -36.014036 2.273616 -24.749396 
332 -90.683877 nan -90.683877 -44.131008 nan -24.353097 -34.242053 -33.021892 -1.535089 -26.564318 
333 -80.889981 nan -80.889981 -42.451266 nan -25.400298 -33.925782 -32.273014 -4.680571 -25.579935 
334 -75.646141 nan -75.646141 -42.333954 nan -27.539000 -34.936477 -31.598636 -6.711691 -26.358157 
335 -67.373584 nan -67.373584 -40.849013 nan -27.854073 -34.351543 -30.859457 -7.995672 -25.266058 
