#### 	 Vertical City Weather Generator (VCWG)  	 #### 
# Sensible heat fluxes at the surfaces 
# 0:time [hr] 1:HfluxRoofImp [W m^-2] 2:HfluxRoofVeg [W m^-2] 3:HfluxRoof [W m^-2] 4:HfluxGroundImp [W m^-2] 5:HfluxGroundBare [W m^-2] 6:HfluxGroundVeg [W m^-2] 7:HfluxGround [W m^-2] 8:HfluxTree [W m^-2] 9:HfluxWallSun [W m^-2] 10:HfluxWallShade [W m^-2] 11:HfluxCanyon [W m^-2] 12:HfluxRural [W m^-2] 13:HfluxUrban [W m^-2] 
0 -38.163543 nan -38.163543 0.372214 nan 7.129568 1.047949 -0.269842 21.699665 21.699665 131.138002 nan 40.763420
1 -43.748902 nan -43.748902 6.386129 nan 16.978114 7.445328 1.507475 23.425654 23.425654 148.602241 nan 45.818523
2 -35.362626 nan -35.362626 10.724939 nan 22.607844 11.913229 3.016950 24.872575 24.872575 162.355459 nan 56.781345
3 -29.983676 nan -29.983676 13.077512 nan 25.474009 14.317162 4.686845 25.342747 25.342747 168.248382 nan 62.442734
4 19.977837 nan 19.977837 54.758131 nan 79.268000 57.209118 29.182060 41.654738 39.907629 313.569042 nan 157.241881
5 97.929957 nan 97.929957 30.834190 nan 51.026265 32.853397 14.525420 36.798604 32.101921 245.365141 nan 168.130611
6 213.828515 nan 213.828515 15.548828 nan 25.166020 16.510547 6.998099 35.410956 23.343610 195.573485 nan 208.226884
7 331.317034 nan 331.317034 10.509362 nan 11.999905 10.658416 5.001882 40.034473 18.341770 187.787900 nan 268.748173
8 431.746899 nan 431.746899 8.585967 nan 4.067697 8.134140 5.334978 46.144837 15.707237 195.824355 nan 327.340237
9 534.740274 nan 534.740274 17.367549 nan 6.734107 16.304205 23.139339 61.415745 21.977991 275.741148 nan 420.888166
10 550.782357 nan 550.782357 119.438518 nan -11.228475 106.371819 24.779021 33.268003 5.754039 233.349555 nan 408.358554
11 565.258961 nan 565.258961 104.406648 nan -16.201872 92.345796 20.729861 25.283623 2.404338 183.701624 nan 393.157733
12 546.158237 nan 546.158237 3.886296 nan -8.535587 2.644108 -2.496283 49.720560 8.117333 175.159274 nan 380.142263
13 498.776278 nan 498.776278 4.308645 nan -8.058191 3.071962 -1.448130 56.628936 11.526949 206.960364 nan 369.225410
14 436.415254 nan 436.415254 13.598898 nan -3.366814 11.902327 6.434697 65.606753 20.649499 273.244961 nan 366.191077
15 321.580189 nan 321.580189 8.458300 nan -6.192196 6.993250 -4.754966 53.540267 13.848007 207.256087 nan 272.660501
16 206.268309 nan 206.268309 14.154379 nan -2.684043 12.470537 -4.929993 49.192775 15.473931 204.498657 nan 208.385390
17 94.415760 nan 94.415760 23.501823 nan 8.017210 21.953362 -2.738016 45.583038 19.049699 214.756367 nan 152.043931
18 -17.814462 nan -17.814462 24.409488 nan 14.561933 23.424732 3.448624 35.958951 18.854805 189.245450 nan 78.807754
19 -12.369195 nan -12.369195 2.793984 nan -2.626040 2.251982 -6.542548 17.501431 4.799582 66.538001 nan 24.487604
20 -10.048560 nan -10.048560 4.010124 nan -1.788038 3.430308 -6.948247 15.551076 4.661772 61.289553 nan 23.271354
21 -10.295463 nan -10.295463 5.084552 nan -0.584267 4.517670 -6.821872 14.950191 5.237277 62.351325 nan 23.618609
22 -12.702414 nan -12.702414 6.455176 nan 1.118356 5.921494 -6.407060 15.172360 6.317778 67.829083 nan 24.856338
23 -13.093661 nan -13.093661 8.070072 nan 3.304443 7.593509 -5.717793 15.867025 7.708596 76.033256 nan 28.469401
24 -15.891265 nan -15.891265 18.501977 nan 14.031822 18.054962 -0.791023 24.010398 16.423697 139.040836 nan 56.367454
25 -5.266054 nan -5.266054 17.918358 nan 16.310356 17.757558 -1.147488 22.832680 15.813289 133.236472 nan 59.442102
26 -2.410747 nan -2.410747 25.782632 nan 28.224175 26.026786 0.786282 25.926254 19.458023 162.494129 nan 74.611796
27 -4.627519 nan -4.627519 10.262598 nan 14.880616 10.724400 -1.583659 20.863592 14.794352 117.064768 nan 52.302213
28 -10.348482 nan -10.348482 27.702196 nan 33.046528 28.236629 6.676013 29.346829 20.816902 181.398226 nan 79.113558
29 15.578933 nan 15.578933 27.707771 nan 32.754661 28.212460 5.287423 32.451544 19.601622 186.486929 nan 95.649666
30 208.490279 nan 208.490279 23.077423 nan 23.511355 23.120816 5.635512 37.553317 17.100970 189.337882 nan 202.289423
31 317.161092 nan 317.161092 9.033842 nan 3.934064 8.523865 -0.350354 37.957014 9.487335 150.716770 nan 243.659869
32 409.020889 nan 409.020889 1.585651 nan -3.973964 1.029690 -2.541145 39.806109 3.714229 130.574246 nan 284.423190
33 476.486733 nan 476.486733 -0.065166 nan -0.435323 -0.102182 -1.653020 41.460305 -0.866553 121.017868 nan 316.749136
34 519.591398 nan 519.591398 104.318967 nan -32.390413 90.648029 23.943176 23.793418 -7.833210 148.105925 nan 351.546895
35 522.347002 nan 522.347002 119.870732 nan -36.400009 104.243658 8.996570 14.227552 -11.557057 115.853769 nan 337.731451
36 506.318584 nan 506.318584 24.546520 nan -27.886092 19.303259 -9.403746 37.740901 -3.608140 117.940042 nan 331.300177
37 458.836371 nan 458.836371 12.114087 nan -23.964684 8.506210 -9.744224 42.563440 -1.241281 128.574999 nan 310.560412
38 368.027693 nan 368.027693 6.360176 nan -20.099410 3.714217 -13.331539 39.561550 -1.238408 113.351028 nan 253.959055
39 249.312245 nan 249.312245 4.200025 nan -17.047030 2.075320 -18.047928 32.840984 -1.281535 89.534497 nan 178.054888
40 146.421167 nan 146.421167 4.760293 nan -16.720050 2.612259 -23.229247 26.971889 -0.378955 73.099361 nan 114.217373
41 43.293595 nan 43.293595 4.367289 nan -14.182815 2.512279 -22.332526 20.430685 -0.269198 54.063729 nan 49.024332
42 -10.324529 nan -10.324529 0.010204 nan -0.224666 -0.013283 -13.662618 8.465932 -6.212576 1.281741 nan -4.996209
43 -8.493811 nan -8.493811 -0.021615 nan -0.220597 -0.041513 -10.536472 5.684566 -6.755237 -7.468114 nan -8.114566
44 -3.574085 nan -3.574085 1.731708 nan -6.615819 0.896956 -7.710060 10.843677 -0.231000 29.650962 nan 11.982567
45 -20.400774 nan -20.400774 2.913243 nan -7.046127 1.917306 -6.020940 12.042112 1.842534 41.162866 nan 8.191925
46 -32.833158 nan -32.833158 8.391619 nan -4.894561 7.063001 -3.053052 17.074534 7.615468 79.911786 nan 19.525715
47 -37.540463 nan -37.540463 13.153138 nan -0.226627 11.815162 -0.819759 20.640775 11.820911 108.872314 nan 30.483349
48 -36.872591 nan -36.872591 7.987948 nan 1.998839 7.389037 -1.204339 21.150398 12.923516 109.129045 nan 31.036224
49 -25.472291 nan -25.472291 2.591036 nan 1.827270 2.514659 -3.164541 20.413991 12.752950 100.749664 nan 33.397406
50 -39.267404 nan -39.267404 10.437625 nan 7.876827 10.181545 1.272690 24.862308 17.618699 138.133641 nan 43.305017
51 -37.422575 nan -37.422575 19.966147 nan 14.763348 19.445867 3.611189 27.279850 20.474835 164.154399 nan 56.387122
52 -33.696711 nan -33.696711 58.143531 nan 58.804076 58.209586 19.166759 42.184649 34.599012 296.227271 nan 119.828599
53 73.663803 nan 73.663803 43.686718 nan 42.787835 43.596830 13.064563 38.647966 29.566821 253.467014 nan 158.540715
54 119.276104 nan 119.276104 35.242185 nan 31.377685 34.855735 13.054362 37.640022 27.452369 235.354651 nan 175.045296
55 163.664839 nan 163.664839 25.736195 nan 24.515716 25.614147 17.372347 40.956634 28.982166 242.379485 nan 202.686432
56 46.425060 nan 46.425060 22.681655 nan 27.130169 23.126507 19.480582 44.431155 33.894256 265.894970 nan 149.815195
57 60.951090 nan 60.951090 50.662628 nan 40.111886 49.607554 15.525907 41.912121 30.825563 274.030968 nan 161.168296
58 243.205505 nan 243.205505 69.720108 nan 36.869322 66.435029 13.038802 34.069075 24.007987 245.881736 nan 247.109254
59 330.384323 nan 330.384323 112.103368 nan 33.958127 104.288844 16.747232 28.114977 17.112651 246.670621 nan 294.449340
60 374.005392 nan 374.005392 32.131464 nan 8.184115 29.736729 6.457135 39.360491 17.539036 203.018165 nan 298.893748
61 378.564410 nan 378.564410 19.879043 nan 3.056081 18.196747 6.299464 44.002434 17.711614 205.858675 nan 302.889894
62 359.906016 nan 359.906016 19.284583 nan 1.420417 17.498167 5.748910 48.924008 18.657557 222.542426 nan 300.560815
63 295.719510 nan 295.719510 21.345625 nan 2.975120 19.508575 5.266733 50.662423 20.084606 233.856356 nan 270.834820
64 184.514164 nan 184.514164 28.942722 nan 11.004624 27.148912 6.522456 49.266476 23.653770 248.518634 nan 216.945379
65 74.862798 nan 74.862798 40.730881 nan 26.551258 39.312919 10.650780 46.360510 28.230671 267.346776 nan 165.784753
66 1.748317 nan 1.748317 44.055798 nan 37.059980 43.356216 15.488383 41.770886 29.657274 263.836050 nan 124.182161
67 -18.413822 nan -18.413822 10.237221 nan 7.810388 9.994538 0.411530 24.373910 15.267258 129.082654 nan 50.433398
68 -20.355510 nan -20.355510 11.079226 nan 7.275620 10.698865 0.037320 22.862736 14.804768 123.716304 nan 46.843973
69 -18.888221 nan -18.888221 11.089339 nan 8.309727 10.811377 1.098443 22.114763 14.847184 122.136597 nan 46.898052
70 -19.643281 nan -19.643281 11.679155 nan 9.982974 11.509537 1.506138 22.362482 15.688965 126.266333 nan 48.414359
71 -19.170230 nan -19.170230 11.643315 nan 11.822512 11.661234 2.478541 23.029487 16.844446 132.274449 nan 51.489725
72 -20.818158 nan -20.818158 12.171303 nan 13.489317 12.303104 3.234858 23.386349 17.611116 136.589441 nan 52.606035
73 -21.191480 nan -21.191480 14.503278 nan 15.997448 14.652695 3.842922 23.990207 18.582740 143.908704 nan 55.803167
74 -20.064090 nan -20.064090 12.529500 nan 17.129583 12.989509 4.880831 24.929432 19.858191 149.304712 nan 58.975279
75 -25.762030 nan -25.762030 37.861888 nan 52.652150 39.340914 17.000111 37.675506 32.659715 257.146622 nan 106.091686
76 -20.389908 nan -20.389908 25.561662 nan 45.103452 27.515841 14.496967 35.665269 30.627919 232.194192 nan 97.487090
77 -7.658756 nan -7.658756 8.977390 nan 29.444769 11.024128 7.481588 33.998354 27.934839 199.816341 nan 89.490457
78 -2.964132 nan -2.964132 5.444105 nan 20.488518 6.948546 4.375150 31.360979 25.167350 178.283593 nan 82.006577
79 20.201430 nan 20.201430 24.707832 nan 32.911598 25.528208 7.710975 31.045411 23.833329 193.248820 nan 101.381862
80 151.248177 nan 151.248177 22.808227 nan 27.969807 23.324385 8.124053 30.745892 21.078497 182.047175 nan 167.632918
81 250.769346 nan 250.769346 15.290667 nan 17.704627 15.532063 9.516709 32.966519 18.380620 173.380163 nan 217.961012
82 264.956539 nan 264.956539 70.055162 nan 30.382294 66.087875 20.923539 28.856911 17.096988 212.318986 nan 243.195278
83 292.127223 nan 292.127223 91.758833 nan 23.742170 84.957167 16.968789 25.068869 15.243041 212.680414 nan 257.909101
84 297.234890 nan 297.234890 37.318869 nan 9.377852 34.524767 8.010618 32.384582 16.676510 184.912289 nan 248.438342
85 264.219967 nan 264.219967 26.686743 nan 4.338804 24.451949 5.314784 32.585094 16.443152 173.662602 nan 225.305412
86 221.662479 nan 221.662479 24.815657 nan 3.495081 22.683599 3.782197 31.410856 16.859676 169.008073 nan 199.936527
87 174.949303 nan 174.949303 29.040494 nan 10.093763 27.145821 8.760545 34.271081 21.220255 197.124048 nan 187.582923
88 74.724031 nan 74.724031 17.464881 nan 7.891718 16.507565 -1.968789 27.704131 17.395775 151.019767 nan 111.446747
89 9.457307 nan 9.457307 9.153216 nan 10.870008 9.324895 -0.460967 29.622785 20.083535 158.259467 nan 79.352354
90 -9.390681 nan -9.390681 10.555419 nan 10.374609 10.537338 -6.570217 20.996126 14.539446 114.515967 nan 48.521884
91 -12.855882 nan -12.855882 15.628517 nan 15.352163 15.600882 -2.006768 19.103435 13.714880 113.253121 nan 45.950837
92 -19.184372 nan -19.184372 18.973160 nan 20.250305 19.100874 3.881457 19.463083 14.630329 122.933694 nan 46.978564
93 -12.810599 nan -12.810599 2.441133 nan 4.210679 2.618088 -3.517077 11.068039 6.859959 54.995252 nan 18.812362
94 -15.270303 nan -15.270303 5.157913 nan 6.714883 5.313610 -3.296949 12.446192 8.526190 66.911975 nan 23.026579
95 -18.250263 nan -18.250263 6.605321 nan 8.419646 6.786753 -2.069995 13.492555 9.831105 75.929737 nan 25.611467
96 -23.173468 nan -23.173468 4.735620 nan 8.315081 5.093566 -1.449785 13.919758 10.483712 77.724065 nan 23.793023
97 -24.769642 nan -24.769642 2.177657 nan 7.410684 2.700960 -0.171550 14.469102 11.239451 79.757999 nan 23.910869
98 -23.494475 nan -23.494475 3.882440 nan 9.733676 4.467564 -1.955773 14.200845 11.168707 79.793910 nan 24.600840
99 -21.196179 nan -21.196179 9.561324 nan 15.184257 10.123618 -3.587708 13.761871 10.912164 82.710640 nan 27.142694
100 -26.417059 nan -26.417059 33.029070 nan 42.852727 34.011436 -6.247377 21.640647 18.604049 152.246573 nan 56.600270
101 -22.427940 nan -22.427940 27.206895 nan 39.605352 28.446740 -7.875034 20.584901 17.602312 139.858363 nan 53.045707
102 -16.583293 nan -16.583293 21.057955 nan 35.400246 22.492184 -6.021826 19.618570 16.845489 129.475630 nan 51.442686
103 -1.539433 nan -1.539433 18.279087 nan 33.211019 19.772280 0.835882 20.138177 17.146977 131.962095 nan 60.840899
104 2.478844 nan 2.478844 17.094073 nan 32.854468 18.670112 6.642176 21.173424 17.704016 137.959305 nan 65.852182
105 24.864131 nan 24.864131 14.924420 nan 29.336515 16.365629 16.949889 22.206510 17.169204 141.272726 nan 79.628570
106 24.618784 nan 24.618784 22.121451 nan 30.793982 22.988704 24.208777 20.009102 15.823671 140.170536 nan 78.859102
107 91.896797 nan 91.896797 46.792391 nan 36.050951 45.718247 40.353284 20.547593 15.762859 170.790915 nan 129.554974
108 52.570790 nan 52.570790 23.869143 nan 28.266902 24.308919 31.493618 25.700778 18.417861 169.262282 nan 107.732292
109 45.670025 nan 45.670025 7.799739 nan 13.416822 8.361447 9.383160 21.904432 13.475649 118.254952 nan 80.305480
110 8.176145 nan 8.176145 5.878170 nan 11.872740 6.477627 5.488947 20.300695 13.331364 109.569382 nan 55.812670
111 -7.903724 nan -7.903724 8.758536 nan 16.165685 9.499251 -4.988807 19.392699 14.752100 109.938127 nan 47.194649
112 0.105468 nan 0.105468 5.378047 nan 11.588647 5.999107 -5.797530 16.458569 11.631628 87.950686 nan 41.290858
113 -3.016862 nan -3.016862 5.337701 nan 12.179790 6.021910 -6.620455 16.839803 11.451338 88.247151 nan 39.728667
114 -15.154650 nan -15.154650 5.691455 nan 13.604195 6.482729 -11.150488 14.923646 11.252196 80.550059 nan 29.496754
115 -15.375020 nan -15.375020 -0.103867 nan 2.861091 0.192629 -7.552439 8.637282 5.950892 40.936174 nan 10.856612
116 -20.458118 nan -20.458118 -0.131698 nan 2.601158 0.141588 -7.500172 8.789652 6.415377 42.756606 nan 8.939712
117 -16.962168 nan -16.962168 2.332796 nan 9.124560 3.011973 -4.504844 10.971239 8.827801 60.607154 nan 19.180190
118 -11.604324 nan -11.604324 5.183899 nan 13.869269 6.052436 -4.020728 12.602693 10.635980 74.160165 nan 28.421217
119 -8.403367 nan -8.403367 7.301626 nan 17.384309 8.309894 -1.657269 13.740126 11.914678 84.611401 nan 35.036174
120 -7.711917 nan -7.711917 5.999145 nan 16.555246 7.054755 -2.985749 12.611641 10.905338 76.411394 nan 31.584048
121 -6.023216 nan -6.023216 6.476429 nan 17.975477 7.626334 -2.241456 13.196385 11.597002 81.109910 nan 34.701572
122 -6.942396 nan -6.942396 15.315279 nan 30.846828 16.868434 -0.578398 17.509534 15.994834 117.150180 nan 50.984143
123 -2.333429 nan -2.333429 32.519180 nan 53.283598 34.595621 4.734210 21.280301 19.841465 159.854605 nan 73.274791
124 -4.434135 nan -4.434135 29.774332 nan 52.952886 32.092187 5.000969 22.162571 19.945883 160.417937 nan 72.430831
125 12.052842 nan 12.052842 23.574647 nan 46.548712 25.872053 3.802284 23.109003 18.724065 152.892169 nan 77.986047
126 34.396137 nan 34.396137 15.963283 nan 35.808425 17.947797 3.299141 25.135340 16.722642 144.841400 nan 86.513162
127 49.807287 nan 49.807287 16.309733 nan 34.374010 18.116161 8.963780 30.120563 18.118884 166.420016 nan 105.038371
128 163.014653 nan 163.014653 4.608930 nan 14.498411 5.597878 -0.106198 28.152075 12.957116 128.882973 nan 149.368466
129 277.971052 nan 277.971052 1.072783 nan 5.347960 1.500301 4.672365 28.835529 11.153346 123.335872 nan 209.517000
130 408.295901 nan 408.295901 74.708983 nan 22.921248 69.530209 32.357012 23.018474 9.291840 179.403953 nan 305.840419
131 411.488761 nan 411.488761 104.423564 nan 28.821112 96.863318 19.230360 20.265704 9.110519 192.684129 nan 313.437321
132 353.256959 nan 353.256959 16.930817 nan 4.342004 15.671936 6.516328 26.524372 10.110770 128.183894 nan 252.639950
133 331.936747 nan 331.936747 9.357840 nan 1.334360 8.555492 8.200938 27.904689 11.899525 131.248508 nan 242.553924
134 291.043465 nan 291.043465 10.019053 nan -0.758361 8.941312 5.709276 28.658334 12.549737 134.849235 nan 221.939943
135 226.072257 nan 226.072257 11.238782 nan -1.180656 9.996838 1.619590 29.243378 12.967698 137.277902 nan 187.635761
136 159.283941 nan 159.283941 11.207612 nan -0.107138 10.076137 -2.801012 28.648410 12.416899 132.151661 nan 148.807506
137 80.474442 nan 80.474442 11.208343 nan 2.186655 10.306174 -6.746580 26.739271 11.709523 122.953926 nan 101.506438
138 -9.690899 nan -9.690899 2.461451 nan -1.031098 2.112196 -7.111935 14.348326 5.482682 58.760447 nan 22.298898
139 -5.722997 nan -5.722997 0.281949 nan -0.897774 0.163977 -6.707201 8.942068 2.384462 31.460688 nan 11.669130
140 -1.571448 nan -1.571448 0.636311 nan -0.943324 0.478347 -6.530403 7.837635 2.309733 28.308291 nan 12.447749
141 -1.834099 nan -1.834099 14.732096 nan 12.324180 14.491305 -0.754517 16.350807 11.288520 97.107480 nan 44.392936
142 -0.893835 nan -0.893835 10.474637 nan 9.330083 10.360182 -3.314778 13.875797 9.342558 78.689334 nan 36.323659
143 -3.386923 nan -3.386923 8.318081 nan 7.945313 8.280804 -6.282456 13.080238 8.811352 71.442591 nan 31.598719
144 -8.350076 nan -8.350076 6.847851 nan 6.308510 6.793917 -3.829294 12.882692 9.038658 71.026247 nan 28.712571
145 -12.066030 nan -12.066030 9.463520 nan 9.500929 9.467261 -2.735550 14.150934 10.559123 82.503211 nan 32.033225
146 -12.475876 nan -12.475876 9.632004 nan 10.192247 9.688028 -2.813898 13.658323 10.295045 80.422574 nan 30.829249
147 -6.832914 nan -6.832914 9.100013 nan 9.958793 9.185891 -2.578228 12.698908 9.557716 74.924470 nan 31.331822
148 -4.390285 nan -4.390285 8.745869 nan 8.968071 8.768090 -1.846733 14.206217 9.347240 78.689767 nan 34.437271
149 52.403700 nan 52.403700 24.089626 nan 25.028382 24.183502 7.309052 25.883778 16.359442 153.836784 nan 100.456372
150 200.985155 nan 200.985155 18.079304 nan 15.043299 17.775703 9.547118 29.446584 13.864920 151.529062 nan 180.508535
151 306.681432 nan 306.681432 16.500670 nan 8.872625 15.737865 17.072956 35.919265 13.962000 172.210844 nan 247.887851
152 393.119494 nan 393.119494 5.210585 nan -4.100023 4.279524 9.007800 34.884212 7.138508 133.950805 nan 277.258424
153 440.173010 nan 440.173010 1.996943 nan -6.997409 1.097508 11.795425 36.335814 5.078333 130.058120 nan 301.137050
154 468.931404 nan 468.931404 74.440767 nan -23.708706 64.625820 31.077698 24.431740 1.892350 156.029168 nan 328.012674
155 505.728752 nan 505.728752 99.685329 nan -26.285845 87.088211 23.957661 18.323346 -0.936632 148.831419 nan 344.380115
156 496.314060 nan 496.314060 22.176443 nan -23.495864 17.609213 3.974621 35.502159 2.088384 131.970690 nan 332.426552
157 457.560782 nan 457.560782 10.323699 nan -21.317063 7.159623 0.688965 39.663635 2.113237 132.765826 nan 311.828165
158 384.954605 nan 384.954605 8.421903 nan -19.929973 5.586715 0.177596 40.673683 3.539586 138.297560 nan 274.848106
159 301.627373 nan 301.627373 8.845413 nan -18.819145 6.078957 -2.161579 38.952393 5.177404 137.603717 nan 229.069205
160 195.332485 nan 195.332485 11.429911 nan -16.347056 8.652215 -5.679711 37.163201 7.278480 139.705375 nan 172.046858
161 88.632394 nan 88.632394 16.056803 nan -10.713541 13.379768 -6.920968 34.340589 9.745313 142.869086 nan 115.264173
162 -13.386725 nan -13.386725 7.933994 nan -9.251169 6.215478 -9.014475 22.117374 5.989168 86.929315 nan 33.456265
163 -4.107399 nan -4.107399 6.607109 nan -8.169150 5.129483 -10.350432 16.597290 4.075289 63.007048 nan 27.301192
164 -1.239333 nan -1.239333 13.102215 nan -2.053716 11.586622 -3.215700 18.230586 7.636630 87.901990 nan 40.443539
165 -1.328750 nan -1.328750 8.296465 nan -3.246102 7.142208 -5.633023 14.886663 5.494440 66.032307 nan 30.195842
166 -5.138621 nan -5.138621 6.652615 nan -3.668537 5.620500 -11.061758 14.173204 5.231265 59.409202 nan 25.043095
167 -3.729218 nan -3.729218 3.156571 nan -3.714433 2.469471 -5.995350 11.447034 3.665466 45.408830 nan 19.271389
168 -18.557656 nan -18.557656 7.748458 nan -1.235326 6.850080 -3.387193 15.777554 8.461990 78.213835 nan 26.518866
169 -22.696434 nan -22.696434 10.543555 nan 1.992479 9.688447 -2.117187 17.390463 10.548987 92.659922 nan 31.000549
170 -14.192311 nan -14.192311 9.856568 nan 2.574756 9.128387 -2.386654 16.427529 10.048777 87.602643 nan 33.272912
171 -10.127505 nan -10.127505 8.824428 nan 2.391160 8.181101 -2.295975 15.187736 9.215025 80.470996 nan 32.154499
172 -12.945692 nan -12.945692 8.740307 nan 2.024858 8.068762 -1.969955 16.702442 9.363705 85.479222 nan 32.970567
173 75.921049 nan 75.921049 23.450759 nan 15.309801 22.636663 5.925444 28.434221 16.086478 158.568937 nan 115.533486
174 207.312449 nan 207.312449 12.859072 nan 2.996356 11.872800 3.498650 30.369377 11.049006 137.527408 nan 177.487352
175 315.020775 nan 315.020775 6.801659 nan -4.970429 5.624451 3.932380 34.395937 7.712942 133.524039 nan 234.450598
176 437.155149 nan 437.155149 6.234211 nan -9.007653 4.710025 12.636946 44.061256 8.084662 166.202559 nan 316.411102
177 461.681012 nan 461.681012 0.001441 nan -0.593082 -0.058012 4.635872 42.101590 1.901313 133.805047 nan 314.663472
178 520.596554 nan 520.596554 97.309746 nan -38.434348 83.735337 31.883987 25.394770 -4.665069 158.678032 nan 357.146336
179 535.416097 nan 535.416097 117.882926 nan -41.985130 101.896121 18.145689 16.441209 -8.842757 131.949752 nan 352.433672
180 491.525048 nan 491.525048 19.004874 nan -31.688598 13.935527 -3.275017 35.958724 -4.638270 106.586884 nan 317.964903
181 405.311321 nan 405.311321 10.156795 nan -26.660573 6.475058 -2.553157 38.266340 -0.816733 117.802618 nan 276.318518
182 370.324161 nan 370.324161 8.500202 nan -24.192021 5.230980 -5.251851 40.112647 1.697245 128.559916 nan 262.312674
183 286.657190 nan 286.657190 7.646579 nan -22.217674 4.660154 -9.190310 39.816814 2.789665 128.803468 nan 216.808737
184 187.247151 nan 187.247151 5.736191 nan -18.991781 3.263394 -13.771625 35.021190 2.548613 110.464153 nan 154.003428
185 84.126573 nan 84.126573 5.006183 nan -16.454242 2.860141 -13.681157 28.854293 2.615233 91.796257 nan 88.993476
186 -1.332042 nan -1.332042 3.936343 nan -13.254824 2.217227 -8.968423 19.272013 1.894240 62.128615 nan 28.443201
187 -0.015425 nan -0.015425 3.774671 nan -11.391452 2.258059 -7.312971 15.362339 1.715834 50.567389 nan 23.726451
188 -0.080486 nan -0.080486 3.310496 nan -10.063870 1.973059 -8.338010 13.756283 1.728942 45.093531 nan 21.126712
189 -0.364646 nan -0.364646 5.061579 nan -9.693461 3.586075 -7.096046 14.494696 3.576991 54.962715 nan 25.579791
190 -0.645899 nan -0.645899 7.131487 nan -8.150615 5.603277 -5.464325 15.613893 5.579819 66.998682 nan 31.045118
191 -1.878627 nan -1.878627 9.604287 nan -5.682613 8.075597 -3.841297 17.077044 7.715425 80.916487 nan 36.868478
192 -3.757748 nan -3.757748 23.464786 nan 6.358416 21.754149 5.218962 25.218273 16.431498 148.791046 nan 67.494762
193 -1.919431 nan -1.919431 12.737275 nan 2.012066 11.664754 -0.296227 20.731759 12.860306 112.322460 nan 51.534536
194 -3.071936 nan -3.071936 6.181017 nan -0.940444 5.468871 -2.030191 17.957928 10.577401 90.262780 nan 40.642612
195 -3.317134 nan -3.317134 7.642267 nan -0.686673 6.809373 -1.559823 18.191516 11.174365 94.283088 nan 42.375744
196 -4.771982 nan -4.771982 17.891406 nan 8.873387 16.989604 -0.147663 25.166423 16.837953 142.943666 nan 64.280247
197 91.734670 nan 91.734670 25.100459 nan 16.622127 24.252626 9.541157 33.744048 20.671355 191.315299 nan 139.506715
198 183.318416 nan 183.318416 25.624611 nan 14.647444 24.526894 15.343308 39.727651 20.405873 211.064789 nan 198.719540
199 278.244564 nan 278.244564 8.064770 nan -3.617539 6.896539 6.855357 35.968309 11.409660 151.772588 nan 222.935775
200 354.492335 nan 354.492335 3.645587 nan -8.106513 2.470377 6.923989 38.496382 8.753658 146.990093 nan 262.346041
201 396.622176 nan 396.622176 1.930856 nan -8.771137 0.860656 10.298397 39.533163 7.942866 147.408103 nan 285.538502
202 459.333262 nan 459.333262 77.966455 nan -31.819933 66.987816 29.506871 27.821743 3.292786 172.134150 nan 330.309806
203 504.177522 nan 504.177522 104.783278 nan -35.387130 90.766237 20.607720 21.585193 -0.359392 162.686730 nan 349.994181
204 510.150876 nan 510.150876 21.865932 nan -28.156730 16.863666 -0.130224 43.178366 3.761046 157.629811 nan 352.047164
205 441.464336 nan 441.464336 10.927643 nan -24.807486 7.354130 -1.813403 47.073574 4.698215 161.944136 nan 316.756369
206 393.312731 nan 393.312731 7.789386 nan -22.409865 4.769461 -5.465392 47.715253 5.493346 162.209099 nan 290.664324
207 297.253031 nan 297.253031 7.873275 nan -21.455079 4.940440 -8.307964 46.373850 6.857841 161.312326 nan 237.851213
208 192.936031 nan 192.936031 10.715369 nan -20.235635 7.620268 -9.873648 43.068853 9.049326 160.025345 nan 180.309732
209 81.189388 nan 81.189388 16.692755 nan -15.477880 13.475691 -9.755338 39.695163 12.431672 165.954059 nan 122.052712
210 -10.685304 nan -10.685304 0.327119 nan -2.743550 0.020052 -7.766718 18.836663 1.860833 59.005853 nan 21.905048
211 -19.576976 nan -19.576976 6.862152 nan -10.542941 5.121643 -4.256175 22.531077 8.485952 96.470260 nan 34.566156
212 -4.498677 nan -4.498677 1.237167 nan -6.333982 0.480052 -6.787498 15.231929 3.186180 53.019381 nan 22.458400
213 -5.706901 nan -5.706901 16.364982 nan -5.253429 14.203141 -1.048256 25.172981 13.739016 130.519830 nan 57.979256
214 -2.006906 nan -2.006906 25.323067 nan 7.173055 23.508066 3.661489 28.105101 17.883376 162.938092 nan 75.071793
215 -2.297264 nan -2.297264 28.661294 nan 14.110733 27.206237 6.448378 30.018992 20.539100 181.459865 nan 83.550247
216 -5.433668 nan -5.433668 32.620440 nan 21.691679 31.527564 9.605203 32.197186 23.280794 201.803586 nan 91.321738
217 -11.402974 nan -11.402974 18.084849 nan 9.734210 17.249785 2.696865 28.137140 19.971889 162.655617 nan 69.911148
218 -2.972863 nan -2.972863 22.612247 nan 16.044990 21.955522 2.453834 28.113038 20.644462 169.209554 nan 77.517045
219 -3.182289 nan -3.182289 18.517186 nan 15.837368 18.249205 3.361287 28.147575 21.150782 167.488791 nan 76.648532
220 -7.473131 nan -7.473131 29.354748 nan 34.978600 29.917133 22.024349 37.446566 29.810756 240.498840 nan 108.378641
221 17.938287 nan 17.938287 21.048547 nan 28.234190 21.767111 18.180242 38.455449 29.518450 232.960904 nan 118.831673
222 96.956184 nan 96.956184 14.786162 nan 17.259507 15.033497 11.431890 37.809251 25.528583 209.619754 nan 151.087461
223 257.015863 nan 257.015863 7.857620 nan 2.909796 7.362838 9.344490 37.658679 18.504110 179.589001 nan 224.408669
224 395.889255 nan 395.889255 5.875662 nan -4.619733 4.826122 6.759039 44.120756 15.138144 185.306440 nan 302.887958
225 435.192103 nan 435.192103 6.942418 nan -9.081586 5.340018 8.976882 49.691131 15.260180 203.784704 nan 332.991897
226 518.721262 nan 518.721262 112.082675 nan -20.508640 98.823543 35.301432 38.165041 10.880539 260.080855 nan 403.515154
227 554.821973 nan 554.821973 141.431347 nan -19.955100 125.292702 25.738673 32.237282 7.871105 255.913333 nan 420.871113
228 550.464281 nan 550.464281 40.497060 nan -17.138886 34.733465 4.559212 57.856044 14.959971 255.005193 nan 419.491093
229 497.403805 nan 497.403805 22.844210 nan -18.949214 18.664868 2.182084 60.856977 13.790719 243.480790 nan 385.385265
230 402.080907 nan 402.080907 17.856369 nan -18.788278 14.191904 0.135985 58.738969 13.487202 230.924812 nan 327.566184
231 301.672289 nan 301.672289 18.190893 nan -16.399464 14.731858 -1.872285 55.274444 14.489637 223.275187 nan 269.201529
232 190.338049 nan 190.338049 21.557490 nan -11.352191 18.266522 -3.955734 51.405265 16.283134 219.749426 nan 206.769218
233 79.966527 nan 79.966527 27.947675 nan -1.938649 24.959042 -3.834355 47.190911 18.838439 221.513348 nan 147.293382
234 -24.895769 nan -24.895769 11.815716 nan -4.592525 10.174892 -4.895388 31.570713 13.505860 143.446455 nan 53.654558
235 -17.655919 nan -17.655919 6.651199 nan -6.362407 5.349839 -4.839509 23.019180 8.715372 98.617694 nan 36.620604
236 -21.850164 nan -21.850164 10.358720 nan -3.318734 8.990974 -3.902485 23.865033 11.333213 113.024718 nan 41.042330
237 -21.899362 nan -21.899362 13.159457 nan 0.313085 11.874820 -2.667836 24.740601 13.445117 125.364839 nan 46.764925
238 -20.553508 nan -20.553508 14.995681 nan 3.611112 13.857224 -1.720241 25.267198 14.912487 133.708184 nan 51.385537
239 -14.593646 nan -14.593646 14.382582 nan 4.812657 13.425590 -1.843130 24.073839 14.505746 128.427093 nan 52.162696
240 -20.069084 nan -20.069084 18.055770 nan 9.329788 17.183172 -0.137634 26.304652 17.352349 148.099120 nan 58.354917
241 -20.205804 nan -20.205804 18.124529 nan 11.428807 17.454957 -0.141460 25.643778 17.268630 146.135597 nan 57.353973
242 -13.055850 nan -13.055850 15.540531 nan 10.367330 15.023211 -1.150544 23.262069 15.436698 130.659296 nan 54.024067
243 -5.645442 nan -5.645442 13.371452 nan 8.983574 12.932665 -1.741031 21.029434 13.717298 116.476449 nan 51.437575
244 -9.070757 nan -9.070757 34.356046 nan 29.986045 33.919046 3.264403 30.367191 21.542655 190.954348 nan 84.221154
245 13.001696 nan 13.001696 31.372230 nan 29.370246 31.172032 7.718136 35.645680 22.448353 208.541384 nan 104.552076
246 192.295678 nan 192.295678 19.638070 nan 13.567153 19.030978 6.255739 36.615953 16.758715 181.657277 nan 189.908911
247 308.319821 nan 308.319821 13.411832 nan 2.674474 12.338096 6.757151 40.905936 13.202309 177.365690 nan 251.279253
248 421.052216 nan 421.052216 14.178233 nan -1.835090 12.576901 9.974297 50.442206 13.615064 208.738430 nan 327.493914
249 496.824378 nan 496.824378 3.921964 nan -9.345285 2.595239 8.004867 51.929897 7.752889 184.845543 nan 357.757779
250 544.308618 nan 544.308618 127.909319 nan -26.099513 112.508436 39.523817 34.071704 0.186470 231.092483 nan 403.638560
251 564.201784 nan 564.201784 141.543404 nan -29.991183 124.389945 23.088141 23.413088 -5.225193 188.188888 nan 394.197510
252 539.498482 nan 539.498482 24.114827 nan -28.176006 18.885744 -2.734587 45.525048 -1.265761 150.569770 nan 364.714545
253 477.729220 nan 477.729220 12.428929 nan -25.652388 8.620798 -2.896754 49.048091 1.045809 157.743795 nan 334.547761
254 395.609871 nan 395.609871 10.247165 nan -23.875260 6.834923 -5.479670 48.388458 3.255799 159.575826 nan 290.649209
255 289.003804 nan 289.003804 10.432792 nan -22.276592 7.161854 -8.079386 45.263225 5.077027 154.950855 nan 230.329459
256 174.876082 nan 174.876082 12.871351 nan -19.800537 9.604162 -10.412874 40.619317 7.124838 148.671479 nan 165.097223
257 68.044494 nan 68.044494 15.153807 nan -15.191537 12.119273 -11.383230 34.866600 8.520638 137.727694 nan 101.649429
258 -11.219948 nan -11.219948 2.527965 nan -9.459465 1.329222 -9.320342 18.325221 0.749978 54.826681 nan 19.634409
259 -13.338253 nan -13.338253 0.008187 nan -0.208679 -0.013499 -8.393981 12.345695 -2.330999 26.672994 nan 5.273367
260 -12.946677 nan -12.946677 0.008930 nan -0.187308 -0.010694 -9.470273 10.649227 -2.358814 21.072436 nan 2.858956
261 -11.839836 nan -11.839836 0.010653 nan -0.168565 -0.007269 -9.402682 9.703013 -2.111205 19.007084 nan 2.492382
262 -8.377103 nan -8.377103 0.013904 nan -0.151208 -0.002607 -8.899649 9.354033 -1.504384 19.986479 nan 4.839874
263 -5.274791 nan -5.274791 0.350258 nan -2.604633 0.054769 -8.190156 9.412383 -0.646340 23.076836 nan 7.980986
264 -6.132189 nan -6.132189 4.726195 nan -5.943541 3.659221 -5.557936 14.971122 5.563812 63.040847 nan 26.223296
265 -4.530327 nan -4.530327 11.797420 nan -2.102530 10.407425 -4.858576 18.777469 9.633667 93.697400 nan 41.392388
266 -1.690190 nan -1.690190 19.164164 nan 6.071419 17.854890 -1.030793 20.590467 12.102016 115.520020 nan 53.069452
267 -0.939266 nan -0.939266 15.456915 nan 5.281131 14.439336 -1.686032 18.667224 10.797031 102.157688 nan 47.256139
268 -1.219878 nan -1.219878 13.992970 nan 4.480291 13.041702 -4.130601 19.649102 10.415528 101.583353 nan 46.860417
269 10.328288 nan 10.328288 13.060938 nan 2.541672 12.009012 -0.794823 23.837257 10.539327 114.820834 nan 59.384581
270 183.553110 nan 183.553110 7.126602 nan -4.029408 6.011001 -1.853058 27.190497 7.156108 108.309596 nan 150.905983
271 303.998428 nan 303.998428 2.580509 nan -7.447224 1.577736 -3.703099 32.692452 4.236609 110.883680 nan 217.884125
272 403.957622 nan 403.957622 0.005289 nan -0.654989 -0.060739 -5.007976 37.788718 1.082830 114.550714 nan 274.157705
273 480.183742 nan 480.183742 -0.156931 nan -0.763845 -0.217622 -3.545314 40.872751 -2.797572 112.589789 nan 314.813380
274 521.611411 nan 521.611411 93.929818 nan -50.597654 79.477071 24.611429 25.095705 -7.792651 141.230806 nan 349.587135
275 517.325237 nan 517.325237 109.039679 nan -52.169311 92.918780 11.114265 16.826856 -9.733241 118.645330 nan 336.469950
276 498.798620 nan 498.798620 21.452390 nan -36.637599 15.643391 -7.279682 38.049893 -2.464195 119.488612 nan 327.976040
277 444.539585 nan 444.539585 8.383617 nan -28.735631 4.671692 -11.201910 40.885804 -1.384096 118.696053 nan 298.183687
278 367.845520 nan 367.845520 3.913783 nan -21.013089 1.421096 -16.830897 39.935262 -0.874891 111.869848 nan 253.207210
279 278.504029 nan 278.504029 2.806934 nan -17.322549 0.793986 -22.587955 38.186126 -0.063400 106.126982 nan 201.801539
280 171.233650 nan 171.233650 3.484555 nan -18.559452 1.280154 -26.047315 34.655562 1.149235 98.275617 nan 139.603681
281 64.841146 nan 64.841146 1.987534 nan -13.012756 0.487505 -25.362996 27.166837 0.490062 73.313006 nan 69.856894
282 -8.090858 nan -8.090858 2.015537 nan -12.128918 0.601091 -15.899212 18.200992 0.205358 49.460457 nan 18.847668
283 -3.395520 nan -3.395520 -0.016167 nan -0.312662 -0.045817 -8.348246 9.595063 -4.512143 11.863644 nan 3.741148
284 -5.987773 nan -5.987773 -0.057814 nan -0.326180 -0.084651 -11.742547 4.588739 -7.947383 -14.857601 nan -10.214879
285 -9.643878 nan -9.643878 -0.051835 nan -0.299371 -0.076589 -12.692698 5.805773 -5.623046 -4.605487 nan -7.391550
286 -12.906928 nan -12.906928 -0.026780 nan -0.256859 -0.049788 -11.566645 8.067994 -2.466974 12.126614 nan -1.315514
287 -16.658993 nan -16.658993 0.007414 nan -0.206948 -0.014022 -9.850595 10.834615 1.039241 31.667305 nan 5.811407
288 -21.462094 nan -21.462094 5.235420 nan -9.499824 3.761896 -5.906098 17.416981 8.256839 78.420917 nan 25.084790
289 -21.067482 nan -21.067482 9.480410 nan -7.005742 7.831795 -3.834592 20.314898 11.741252 102.466406 nan 36.527439
290 -20.881299 nan -20.881299 11.683357 nan -4.270009 10.088021 -2.805219 21.652414 13.607174 114.744695 nan 42.359388
291 -20.773940 nan -20.773940 13.154944 nan -1.782116 11.661238 -1.745957 22.362666 14.802914 122.459596 nan 46.015208
292 -23.379081 nan -23.379081 13.312087 nan -0.906389 11.890239 -2.915800 24.051313 15.157540 128.350477 nan 47.360518
293 78.301142 nan 78.301142 32.697354 nan 17.011242 31.128743 4.147833 36.945211 23.147892 213.067188 nan 142.305023
294 192.477481 nan 192.477481 16.515760 nan 0.764994 14.940683 -0.141399 36.463493 16.096296 172.563491 nan 185.814234
295 304.733862 nan 304.733862 7.675385 nan -8.150125 6.092834 -1.049604 39.410371 11.157145 157.375540 nan 240.047513
296 405.844780 nan 405.844780 3.335312 nan -10.741477 1.927633 -0.936853 44.642093 8.501486 160.983629 nan 296.956467
297 507.641763 nan 507.641763 5.020407 nan -14.567989 3.061567 7.641503 55.989235 11.251333 207.839874 nan 374.452354
298 528.383036 nan 528.383036 109.968860 nan -45.563274 94.415647 23.696524 32.280108 -0.649498 198.786087 nan 380.090165
299 545.223310 nan 545.223310 132.374854 nan -45.798960 114.557472 15.822803 23.926219 -3.960813 180.782813 nan 380.533594
300 534.083654 nan 534.083654 24.205762 nan -33.508011 18.434385 -5.341886 48.785795 2.535254 170.260776 nan 371.022968
301 482.901802 nan 482.901802 13.771610 nan -29.099556 9.484493 -5.537749 54.802577 5.465060 188.072305 nan 351.607695
302 399.510343 nan 399.510343 10.896331 nan -26.718229 7.134875 -8.413232 54.511750 6.787070 187.666043 nan 305.973196
303 298.172114 nan 298.172114 12.282706 nan -25.447921 8.509643 -11.068378 52.221273 8.874059 187.368288 nan 250.543551
304 194.766369 nan 194.766369 20.889541 nan -21.380032 16.662584 -9.669306 52.967376 14.780970 216.039901 nan 207.480465
305 77.031276 nan 77.031276 17.359456 nan -16.571459 13.966364 -12.144053 42.625538 12.937365 175.797453 nan 124.406419
306 -23.873020 nan -23.873020 0.960079 nan -6.489059 0.215165 -9.665409 22.299739 3.112449 72.585568 nan 21.091745
307 -26.757657 nan -26.757657 4.401022 nan -11.888961 2.772024 -6.129993 22.235356 6.586178 86.784629 nan 26.140252
308 -23.384690 nan -23.384690 7.884774 nan -10.791418 6.017155 -4.647011 23.331742 9.608159 102.978054 nan 35.533291
309 -24.033712 nan -24.033712 10.734096 nan -8.010121 8.859674 -3.351005 24.506552 12.089396 117.307117 nan 41.863386
310 -27.610687 nan -27.610687 12.786119 nan -4.949594 11.012547 -2.344872 25.278066 13.849635 127.457700 nan 44.644949
311 -25.833416 nan -25.833416 14.340825 nan -2.054661 12.701276 -1.344979 25.841335 15.249905 135.437005 nan 49.334214
312 -21.747038 nan -21.747038 17.445322 nan 1.997929 15.900583 0.205311 27.723434 17.860225 152.733685 nan 59.635113
313 -18.133524 nan -18.133524 19.226255 nan 5.552985 17.858928 1.079594 28.525164 19.305836 161.783765 nan 65.825125
314 -15.981742 nan -15.981742 20.051368 nan 8.247248 18.870956 1.466108 28.645323 20.002316 165.400315 nan 68.681235
315 -15.254167 nan -15.254167 20.138491 nan 10.053628 19.130005 1.767830 28.190269 20.070658 164.619919 nan 68.706888
316 -15.366319 nan -15.366319 19.546808 nan 10.141194 18.606247 0.432661 29.216858 19.836941 165.940707 nan 69.277257
317 8.113608 nan 8.113608 41.868506 nan 35.043119 41.185967 10.762408 42.581592 28.393086 258.414965 nan 125.152210
318 200.172876 nan 200.172876 25.756526 nan 15.702798 24.751154 7.973625 42.934595 21.962010 222.630418 nan 213.359690
319 310.791093 nan 310.791093 16.264282 nan 2.170255 14.854879 6.728104 45.892954 17.102889 206.533648 nan 266.289258
320 413.638634 nan 413.638634 10.517604 nan -6.366004 8.829243 6.083016 50.865485 13.955142 205.724330 nan 322.100644
321 506.188189 nan 506.188189 8.749987 nan -10.903509 6.784637 11.261823 58.944222 14.159655 230.600998 nan 384.285140
322 535.681106 nan 535.681106 114.240970 nan -34.592623 99.357611 28.137325 34.851132 1.419288 219.423800 nan 393.678758
323 539.314140 nan 539.314140 129.302205 nan -34.723866 112.899598 20.133335 27.011011 -0.518940 200.429145 nan 386.552903
324 512.538621 nan 512.538621 29.063396 nan -28.207803 23.336276 0.228434 47.969615 6.115070 185.681704 nan 366.426521
325 467.742078 nan 467.742078 17.909121 nan -26.184867 13.499722 -0.211789 52.106258 8.339403 194.751990 nan 346.402434
326 387.568491 nan 387.568491 21.729064 nan -23.449590 17.211198 0.907681 55.412702 13.184775 223.366702 nan 316.052682
327 272.338800 nan 272.338800 36.580536 nan -12.926374 31.629845 7.637321 57.592746 21.661250 272.446760 nan 276.018099
328 165.411472 nan 165.411472 33.958738 nan -7.640277 29.798836 1.915706 50.057414 21.013920 243.779120 nan 204.270612
329 63.620530 nan 63.620530 21.348439 nan -8.754915 18.338103 -6.543199 38.768236 15.526870 178.606142 nan 118.330883
330 -9.921796 nan -9.921796 27.612118 nan 1.202429 24.971149 1.436633 34.560077 17.382977 181.374963 nan 79.397548
331 -7.001204 nan -7.001204 15.372468 nan -3.773283 13.457893 -1.747979 25.560840 11.560262 124.122009 nan 54.281223
332 -11.747293 nan -11.747293 10.513409 nan -6.789460 8.783122 -11.180254 21.931534 8.859520 96.684181 nan 38.898679
333 -10.005171 nan -10.005171 13.772251 nan -3.954778 11.999548 -9.776854 22.221320 10.284222 105.605431 nan 43.987075
334 -7.384325 nan -7.384325 16.591542 nan -0.379488 14.894439 -6.427493 22.883686 11.959290 116.852369 nan 50.647299
335 -11.961143 nan -11.961143 20.506771 nan 4.034875 18.859582 -3.471443 24.257837 13.895366 131.930615 nan 55.165814
336 -17.747190 nan -17.747190 15.878622 nan 2.725184 14.563278 -1.371340 24.242331 15.327879 132.725370 nan 52.443087
337 -16.936987 nan -16.936987 17.773646 nan 6.867386 16.683020 -0.515842 24.820916 16.477319 140.371389 nan 56.442137
338 -15.510447 nan -15.510447 15.917563 nan 6.861741 15.011981 -1.036045 23.191710 15.358362 130.247778 nan 52.491800
339 -10.018171 nan -10.018171 14.775904 nan 7.025760 14.000889 -1.063363 21.966492 14.624730 123.349208 nan 52.262735
340 -10.833689 nan -10.833689 32.029041 nan 22.993325 31.125470 8.045402 30.845046 21.769166 192.186265 nan 83.868919
341 8.181391 nan 8.181391 33.574142 nan 26.686080 32.885336 6.306547 34.914754 22.206014 206.770259 nan 101.068390
342 184.879453 nan 184.879453 21.729447 nan 11.787318 20.735234 3.584236 36.326136 17.052524 182.304910 nan 186.148542
343 299.601676 nan 299.601676 13.520251 nan 0.045715 12.172797 2.187791 40.146936 12.915028 172.233805 nan 244.127052
344 402.376620 nan 402.376620 8.396390 nan -7.404540 6.816297 1.581603 45.771111 10.171031 175.275365 nan 301.697353
345 474.044305 nan 474.044305 5.029124 nan -10.989615 3.427250 3.696197 51.137115 9.322992 186.286048 nan 346.006724
346 525.785325 nan 525.785325 111.319915 nan -36.774366 96.510487 27.665867 30.472191 -1.531740 194.398184 nan 376.570885
347 544.497231 nan 544.497231 137.325515 nan -37.634180 119.829545 16.846184 21.977799 -5.561892 175.815741 nan 377.722172
348 529.377039 nan 529.377039 28.931229 nan -30.018330 23.036273 -4.400647 47.119791 1.337944 166.649219 nan 366.687379
349 478.481283 nan 478.481283 13.783665 nan -26.962744 9.709024 -7.165312 51.381011 2.253106 167.745248 nan 339.649490
350 402.147152 nan 402.147152 9.286974 nan -24.323712 5.925906 -10.625091 51.126212 3.152366 164.511604 nan 296.559565
351 299.641153 nan 299.641153 10.932320 nan -23.392981 7.499790 -12.738727 49.501840 5.850826 168.462297 nan 242.484108
352 180.583479 nan 180.583479 17.413456 nan -20.075367 13.664573 -14.625406 46.800404 9.636875 177.126251 nan 181.524159
353 66.165050 nan 66.165050 14.050031 nan -16.164280 11.028600 -14.808647 37.484189 8.450311 142.908643 nan 103.082584
354 -4.182381 nan -4.182381 18.281894 nan -9.688274 15.484877 -7.013770 30.045367 10.236659 133.525447 nan 60.217583
355 -2.523587 nan -2.523587 9.977034 nan -10.007251 7.978605 -7.756053 21.939150 6.089067 88.960835 nan 40.306047
356 -2.398768 nan -2.398768 10.695631 nan -7.969463 8.829121 -8.051864 20.588077 6.668895 87.379290 nan 39.619114
357 -2.911737 nan -2.911737 11.445845 nan -5.856490 9.715611 -7.648463 20.050429 7.448233 89.152212 nan 40.157639
358 -1.979432 nan -1.979432 5.614868 nan -6.107828 4.442598 -4.989173 15.652244 4.552435 63.060963 nan 28.484636
359 -3.108953 nan -3.108953 6.821332 nan -4.370322 5.702166 -3.826693 16.473687 6.234343 72.295579 nan 32.184102
360 -10.103632 nan -10.103632 8.869008 nan -2.958517 7.686256 -3.890093 20.478814 10.732313 99.763602 nan 41.240562
361 -7.832896 nan -7.832896 11.984081 nan 0.510028 10.836675 -3.050972 21.628909 12.490717 111.975165 nan 48.165111
362 -6.344104 nan -6.344104 11.348579 nan 1.125914 10.326313 -3.302578 20.339999 11.771265 105.339073 nan 45.868570
363 -5.300209 nan -5.300209 11.654027 nan 2.323753 10.720999 -2.889889 19.985664 11.941076 105.345264 nan 46.433894
364 -4.133632 nan -4.133632 21.490169 nan 12.402520 20.581404 -1.665481 25.748126 16.628845 147.046123 nan 66.504608
365 34.185962 nan 34.185962 31.167713 nan 23.395543 30.390496 3.567732 35.764681 21.896394 204.800812 nan 114.372098
366 191.344704 nan 191.344704 22.154340 nan 11.255072 21.064413 1.423247 38.722978 17.875997 191.430635 nan 193.961620
367 325.488487 nan 325.488487 18.467093 nan 2.826209 16.903004 6.860660 46.913910 16.976289 211.317866 nan 276.521798
368 411.702259 nan 411.702259 5.803264 nan -8.469960 4.375941 -0.911647 46.115816 9.198261 169.953513 nan 304.327426
369 491.411583 nan 491.411583 1.283526 nan -7.533509 0.401823 -0.013590 50.244871 5.842946 168.659837 nan 347.255640
370 539.086860 nan 539.086860 118.523343 nan -37.861439 102.884865 30.611130 33.823997 -0.316536 215.651701 nan 393.705258
371 554.156679 nan 554.156679 139.209769 nan -37.719507 121.516842 17.894832 24.727707 -4.123094 190.488615 nan 389.854659
372 543.075958 nan 543.075958 28.384865 nan -29.861812 22.560198 -3.785082 49.826159 2.343653 177.555603 nan 379.287933
373 483.417966 nan 483.417966 15.115808 nan -27.133997 10.890827 -5.365976 54.100348 4.062430 183.232769 nan 349.594399
374 405.284010 nan 405.284010 12.258326 nan -25.123089 8.520185 -7.952789 54.074593 5.792889 184.941517 nan 307.820661
375 300.953677 nan 300.953677 14.176585 nan -23.182363 10.440690 -9.525400 52.381835 8.477087 189.207294 nan 252.891544
376 188.677468 nan 188.677468 19.442457 nan -18.627957 15.635416 -10.877451 49.408702 11.854105 195.072859 nan 194.329582
377 82.961508 nan 82.961508 30.378710 nan -8.188957 26.521944 -8.081620 49.499208 17.757833 225.060418 nan 150.579672
378 -14.005612 nan -14.005612 1.439502 nan -7.338853 0.561667 -9.147619 20.567058 1.538364 63.218885 nan 22.067960
379 -14.768171 nan -14.768171 2.744607 nan -9.329579 1.537189 -7.901519 18.427152 2.657180 61.629579 nan 20.887725
380 -17.606169 nan -17.606169 5.291074 nan -9.552759 3.806691 -7.045778 18.935150 5.011153 72.827290 nan 24.562796
381 -23.814807 nan -23.814807 8.483347 nan -7.639429 6.871069 -5.772771 20.584726 7.934436 90.119447 nan 29.248824
382 -29.467177 nan -29.467177 11.949058 nan -4.282195 10.325932 -4.001729 22.587595 10.926500 109.267525 nan 35.102867
383 -30.066475 nan -30.066475 14.880650 nan -0.502350 13.342350 -2.491323 24.243897 13.420198 125.338107 nan 42.274917
384 -34.087100 nan -34.087100 22.640214 nan 7.757331 21.151926 1.216279 29.554258 19.434118 168.603566 nan 60.276188
385 -35.008397 nan -35.008397 24.002601 nan 12.101418 22.812483 1.921108 29.996033 20.513657 175.109996 nan 62.802844
386 -33.410384 nan -33.410384 23.570615 nan 13.867694 22.600323 1.987308 29.285374 20.391825 172.426843 nan 62.417273
387 -24.985346 nan -24.985346 23.078951 nan 15.086771 22.279733 2.133706 28.546287 20.220188 169.432640 nan 65.610883
388 -15.022202 nan -15.022202 21.955378 nan 14.513766 21.211217 0.569963 29.133724 19.744127 168.072757 nan 70.426572
389 6.073062 nan 6.073062 44.934799 nan 41.663785 44.607697 11.300831 42.702258 28.623787 263.106163 nan 126.189477
390 197.498965 nan 197.498965 27.990126 nan 20.417050 27.232819 7.475168 42.727364 21.933326 224.204958 nan 212.604357
391 314.861215 nan 314.861215 18.209403 nan 5.467117 16.935175 7.006107 45.816280 17.276726 209.016635 nan 269.643383
392 419.734208 nan 419.734208 12.685316 nan -3.845358 11.032249 6.913784 51.143634 14.405307 210.444588 nan 327.607201
393 494.003615 nan 494.003615 17.337373 nan -6.810285 14.922608 18.392956 60.246668 18.542667 258.647794 nan 390.671913
394 478.651865 nan 478.651865 86.603085 nan -24.819646 75.460812 23.968276 37.306827 8.540657 222.590576 nan 364.431504
395 502.036202 nan 502.036202 100.650039 nan -28.552395 87.729796 21.937532 30.400460 6.604136 207.518598 nan 369.926364
396 459.127787 nan 459.127787 37.545597 nan -18.314298 31.959607 7.657673 51.184421 16.417997 237.829929 nan 361.638535
397 410.695070 nan 410.695070 31.056304 nan -15.229410 26.427733 8.189486 54.233387 19.200071 250.003899 nan 341.021293
398 347.876211 nan 347.876211 28.143320 nan -13.799003 23.949087 5.022734 53.142006 19.257832 243.157697 nan 303.586052
399 288.803421 nan 288.803421 24.793312 nan -12.857713 21.028210 1.041219 50.408504 18.131079 227.063449 nan 263.859019
400 185.966721 nan 185.966721 31.244980 nan -5.379040 27.582578 1.674798 51.177328 22.033094 247.883764 nan 217.444668
401 69.284311 nan 69.284311 27.928384 nan -0.310204 25.104526 -3.197907 42.499445 19.627719 210.206856 nan 136.152346
402 -23.700037 nan -23.700037 5.766266 nan -7.119126 4.477726 -5.752269 24.123367 8.942314 101.373860 nan 34.633802
403 -28.242168 nan -28.242168 9.612136 nan -5.447625 8.106160 -3.102609 23.389498 10.688809 109.100038 nan 35.723839
404 -25.412098 nan -25.412098 12.579338 nan -2.173136 11.104091 -2.302090 23.711407 12.440735 118.639680 nan 41.700891
405 -21.811625 nan -21.811625 14.791753 nan 1.284506 13.441029 -1.682316 24.295343 14.042892 127.782808 nan 47.922375
406 -21.932401 nan -21.932401 17.175175 nan 5.091108 15.966768 -0.764322 25.223499 15.753174 138.591057 nan 52.892604
407 -23.582282 nan -23.582282 18.946160 nan 8.490213 17.900565 0.044067 25.783781 16.962880 146.158174 nan 55.515661
408 -25.523068 nan -25.523068 21.617780 nan 12.851059 20.741108 1.299179 27.210451 18.954107 159.754454 nan 60.797100
409 -21.300297 nan -21.300297 22.364489 nan 15.789473 21.706987 1.657679 27.283412 19.556230 162.888985 nan 64.557207
410 -18.362984 nan -18.362984 22.477050 nan 17.471662 21.976511 1.851373 26.842021 19.590656 162.015094 nan 65.744360
411 -17.834009 nan -17.834009 22.698365 nan 18.960081 22.324536 2.116651 26.446094 19.625199 161.385076 nan 65.731058
412 -14.246306 nan -14.246306 22.200237 nan 18.907951 21.871008 1.439582 27.373099 19.429912 162.855873 nan 68.387329
413 15.034982 nan 15.034982 42.144351 nan 43.112373 42.241153 12.070674 39.549985 26.972315 246.636322 nan 123.375953
414 200.580210 nan 200.580210 25.837978 nan 21.918773 25.446058 10.180600 39.844767 20.508366 210.577696 nan 207.904867
415 283.648570 nan 283.648570 22.110534 nan 11.818811 21.081361 13.256811 42.891541 18.654603 211.022520 nan 253.482488
416 364.899109 nan 364.899109 28.660514 nan 11.717190 26.966182 27.045675 51.129040 23.195022 260.756638 nan 321.038337
417 271.336089 nan 271.336089 18.118471 nan 1.613153 16.467939 12.629384 42.137041 18.747860 204.174394 nan 243.621466
418 298.210983 nan 298.210983 45.331149 nan -0.780338 40.720000 28.171395 34.919907 18.431891 212.043951 nan 261.571674
419 286.973632 nan 286.973632 53.013563 nan -3.885340 47.323673 21.763858 30.713466 16.581449 197.913961 nan 248.720873
420 278.605312 nan 278.605312 23.572232 nan -5.785741 20.636435 10.660794 35.150451 16.487741 179.815328 nan 236.086731
421 291.407397 nan 291.407397 20.908477 nan -7.667429 18.050886 10.353367 35.549634 16.255375 177.607260 nan 242.072484
422 261.109860 nan 261.109860 23.742645 nan -5.523598 20.816021 9.585796 38.283751 18.284153 194.354054 nan 233.372438
423 225.028431 nan 225.028431 25.649454 nan -1.774053 22.907104 8.415896 39.694857 19.143051 202.787184 nan 217.623827
424 150.332462 nan 150.332462 34.599551 nan 9.084875 32.048084 14.655204 43.342817 23.672579 238.956353 nan 193.715495
425 66.832892 nan 66.832892 27.305056 nan 10.273996 25.601950 3.220944 35.227986 20.001744 192.579517 nan 126.512604
426 -14.735530 nan -14.735530 29.533022 nan 17.616143 28.341334 10.309234 31.569077 20.853057 189.731430 nan 80.624310
427 -22.515415 nan -22.515415 8.938476 nan 0.043981 8.049027 0.296156 19.265286 10.824099 98.435645 nan 33.831116
428 -19.948289 nan -19.948289 10.413910 nan 1.879872 9.560506 0.437868 18.836453 11.344933 100.279812 nan 36.074321
429 -14.721718 nan -14.721718 11.304400 nan 3.633367 10.537297 0.056159 18.565878 11.754199 101.519992 nan 39.493812
430 -12.695302 nan -12.695302 12.793003 nan 5.564436 12.070146 1.120944 18.898704 12.607099 107.035931 nan 43.164144
431 -13.655649 nan -13.655649 12.878246 nan 6.278138 12.218235 1.137496 18.320463 12.453555 104.995289 nan 41.679551
432 -15.118347 nan -15.118347 13.092164 nan 7.119943 12.494942 1.178976 17.911037 12.414492 103.943119 nan 40.383221
433 -13.107135 nan -13.107135 13.111525 nan 7.851768 12.585549 0.543937 17.323130 12.173262 101.292300 nan 40.235331
434 -9.179288 nan -9.179288 13.689369 nan 8.952600 13.215692 0.721339 17.254933 12.426926 102.549803 nan 42.958461
435 -7.095318 nan -7.095318 14.289294 nan 10.270737 13.887439 0.683916 17.367191 12.828697 104.748668 nan 45.117884
436 -11.549116 nan -11.549116 26.797831 nan 21.828120 26.300860 10.082739 23.438592 17.945916 154.487481 nan 65.839843
437 19.335554 nan 19.335554 33.007859 nan 31.251140 32.832187 11.468503 27.594171 20.507562 181.724787 nan 95.376988
438 153.670726 nan 153.670726 24.666691 nan 18.865569 24.086579 11.914333 27.485978 17.003625 162.321122 nan 159.668303
439 244.063015 nan 244.063015 22.980869 nan 12.548505 21.937633 20.906772 32.284657 17.058101 178.328616 nan 216.502620
440 312.733419 nan 312.733419 11.698349 nan -1.560552 10.372459 10.444970 29.908597 11.242880 138.004876 nan 235.219857
441 386.255062 nan 386.255062 7.144397 nan -7.306641 5.699294 12.606129 33.009960 10.013481 139.812068 nan 276.236971
442 373.109826 nan 373.109826 48.001634 nan -16.200751 41.581396 25.416337 25.045721 8.696944 152.975926 nan 274.675143
443 463.784807 nan 463.784807 73.366871 nan -26.825840 63.347600 20.869212 17.361839 1.864150 129.373251 nan 312.729351
444 472.523402 nan 472.523402 13.249621 nan -23.110590 9.613600 0.126789 32.652261 1.349562 111.669783 nan 310.045028
445 448.866750 nan 448.866750 6.411060 nan -19.801986 3.789756 -0.155104 36.884881 1.751515 119.636901 nan 300.972454
446 389.304467 nan 389.304467 5.633918 nan -18.661834 3.204343 -1.767584 39.357842 3.308101 130.495137 nan 273.596796
447 277.936278 nan 277.936278 8.162966 nan -18.995343 5.447135 -3.238636 38.421985 5.756856 136.688201 nan 215.728959
448 180.841321 nan 180.841321 11.151590 nan -16.648658 8.371565 -6.403193 35.947283 7.556437 136.321448 nan 162.559172
449 73.538633 nan 73.538633 15.459407 nan -11.381614 12.775305 -7.619359 32.703476 9.566884 136.538643 nan 104.068674
450 -6.892786 nan -6.892786 0.652132 nan -4.428637 0.144055 -7.713275 13.380141 -0.395846 36.011630 nan 13.171368
451 -11.339184 nan -11.339184 5.666634 nan -8.233597 4.276611 -5.333390 15.819177 4.690195 63.671372 nan 23.669373
452 -3.783778 nan -3.783778 1.816969 nan -6.167607 1.018512 -6.909690 10.289557 0.782611 31.471139 nan 12.719338
453 -4.881840 nan -4.881840 3.792731 nan -6.396595 2.773798 -5.847637 11.768423 3.222184 45.406564 nan 18.636653
454 -9.971778 nan -9.971778 6.258648 nan -4.993197 5.133463 -4.775681 13.614856 5.766408 61.366981 nan 23.318531
455 -14.016847 nan -14.016847 8.522113 nan -2.750493 7.394852 -3.758137 15.144715 7.873011 74.944773 nan 27.452848
456 -22.328924 nan -22.328924 12.412510 nan 1.048326 11.276091 -1.925447 18.085551 11.288139 98.626980 nan 33.979198
457 -23.581347 nan -23.581347 14.186261 nan 4.220111 13.189646 -1.109096 19.007401 12.652946 107.727048 nan 37.539361
458 -18.565095 nan -18.565095 14.396983 nan 5.844574 13.541742 -0.962322 18.893348 12.954029 108.698944 nan 40.726304
459 -13.987382 nan -13.987382 14.725581 nan 7.214942 13.974518 -0.625066 18.881752 13.318445 110.325082 nan 43.979656
460 -9.919005 nan -9.919005 14.998428 nan 7.693202 14.267905 -0.315840 20.388823 13.757651 116.580993 nan 49.131958
461 19.380709 nan 19.380709 36.186207 nan 29.760466 35.543633 12.358100 33.377901 22.207815 207.244021 nan 107.344685
462 194.086024 nan 194.086024 20.693162 nan 12.146092 19.838455 7.961795 33.862497 15.722324 171.777634 nan 186.228655
463 300.300302 nan 300.300302 8.772447 nan -2.236734 7.671529 4.897487 34.984274 9.253397 142.343538 nan 230.530385
464 406.562398 nan 406.562398 2.179492 nan -6.942942 1.267248 2.932763 38.490335 4.628272 131.796177 nan 283.639262
465 485.732001 nan 485.732001 0.014264 nan -0.501069 -0.037269 1.893448 43.520681 2.043007 137.411174 nan 329.482314
466 554.299273 nan 554.299273 123.564903 nan -25.793326 108.629080 48.335844 34.897384 2.257406 239.427789 nan 413.040492
467 543.467748 nan 543.467748 114.517320 nan -37.752969 99.290291 14.215511 17.826192 -8.698934 132.358270 nan 357.066371
468 523.516426 nan 523.516426 11.019557 nan -26.760297 7.241571 -6.692628 37.837651 -7.057915 96.903729 nan 330.976306
469 476.316725 nan 476.316725 2.936041 nan -16.611868 0.981250 -8.505205 42.571553 -5.585892 108.536153 nan 310.793976
470 395.147725 nan 395.147725 2.113274 nan -13.798016 0.522145 -10.595044 43.477821 -3.090040 117.447471 nan 270.717617
471 292.606672 nan 292.606672 3.727460 nan -18.037046 1.551009 -13.142081 41.602408 -0.337720 120.088240 nan 216.017081
472 181.821739 nan 181.821739 7.760735 nan -21.143811 4.870280 -15.155555 38.689221 3.142469 124.303128 nan 157.523245
473 76.775502 nan 76.775502 16.593661 nan -18.533316 13.080964 -14.765860 38.163212 8.723071 147.833469 nan 111.152078
474 -9.944749 nan -9.944749 0.001042 nan -0.258408 -0.024903 -9.610513 13.783392 -3.613063 26.641879 nan 7.112877
475 -9.231760 nan -9.231760 0.016561 nan -0.222569 -0.007352 -8.788106 12.568297 -1.825160 28.706815 nan 8.469414
476 -11.322612 nan -11.322612 1.595329 nan -7.727279 0.663068 -8.017160 13.186424 0.509405 38.543691 nan 11.937274
477 -16.559686 nan -16.559686 4.600162 nan -9.524101 3.187736 -6.254699 15.595415 4.098278 59.766935 nan 19.006656
478 -23.713311 nan -23.713311 8.597594 nan -7.635539 6.974281 -4.042573 18.676129 8.083014 85.634679 nan 27.191945
479 -24.653874 nan -24.653874 11.661158 nan -4.423575 10.052685 -2.431250 20.729085 10.907304 103.989351 nan 35.249496
480 -29.204922 nan -29.204922 16.281935 nan 0.445893 14.698331 -0.099643 24.013311 14.835336 131.204414 nan 45.473898
481 -29.528527 nan -29.528527 18.543526 nan 4.581133 17.147286 1.021923 25.289909 16.698491 143.521258 nan 51.042746
482 -27.285586 nan -27.285586 19.070661 nan 7.078542 17.871449 1.519077 25.378607 17.329082 146.602146 nan 53.701075
483 -24.744561 nan -24.744561 19.931143 nan 9.370241 18.875053 2.725490 25.727909 18.174752 151.673232 nan 57.450831
484 -22.390733 nan -22.390733 35.810649 nan 23.310026 34.560587 16.796197 33.611280 24.427008 215.393927 nan 88.392384
485 10.445460 nan 10.445460 35.526408 nan 27.942006 34.767968 12.637430 36.879295 24.087633 222.723723 nan 109.752758
486 190.957431 nan 190.957431 19.907279 nan 9.232656 18.839817 6.811019 35.982287 17.049551 180.659738 nan 188.711967
487 268.264419 nan 268.264419 13.967524 nan -0.334140 12.537357 6.587584 38.538214 14.046129 172.925418 nan 227.342661
488 393.980760 nan 393.980760 8.279476 nan -7.601785 6.691350 7.022295 42.710620 10.993781 170.613471 nan 294.916819
489 457.181902 nan 457.181902 10.531055 nan -10.843092 8.393640 14.698801 52.554674 13.636069 212.845388 nan 349.181971
490 493.047247 nan 493.047247 96.764362 nan -30.090862 84.078840 23.849430 30.922720 1.946355 192.225837 nan 357.891017
491 504.389010 nan 504.389010 108.619222 nan -33.251684 94.432131 20.008568 23.705769 -0.463617 172.162012 nan 354.505958
492 473.747745 nan 473.747745 24.501771 nan -26.794753 19.372118 0.956048 41.924820 4.588724 159.295168 nan 332.932484
493 415.635527 nan 415.635527 15.848724 nan -25.024494 11.761402 1.253127 44.059502 6.712131 164.577550 nan 303.830623
494 367.825343 nan 367.825343 13.592267 nan -23.623822 9.870658 0.022486 44.333571 8.032697 166.978457 nan 278.911671
495 274.667340 nan 274.667340 14.231289 nan -21.465934 10.661566 -3.046365 43.830970 9.664555 169.929594 nan 229.479811
496 171.248170 nan 171.248170 17.271263 nan -17.120300 13.832107 -6.000193 42.006188 11.597103 172.241901 nan 174.114560
497 70.743925 nan 70.743925 21.298163 nan -10.096622 18.158684 -5.852331 38.849390 13.752637 173.623832 nan 119.877239
498 -29.830323 nan -29.830323 10.053548 nan -9.680256 8.080168 -3.442151 25.859180 9.859208 113.858472 nan 37.093812
499 -15.961742 nan -15.961742 3.996566 nan -8.934686 2.703441 -5.455937 17.683417 4.769971 67.881227 nan 23.149468
500 -15.219851 nan -15.219851 6.888979 nan -7.908740 5.409207 -4.483288 18.806973 7.391317 82.210763 nan 30.241321
501 -16.288175 nan -16.288175 9.762173 nan -5.423552 8.243600 -3.027602 20.348787 9.987413 98.041161 nan 37.047614
502 -17.912627 nan -17.912627 12.563538 nan -2.241848 11.082999 -1.389190 21.990266 12.443626 113.828999 nan 43.530056
503 -17.920054 nan -17.920054 14.481219 nan 0.611898 13.094287 0.211179 23.020518 14.156963 124.711201 nan 48.602988
504 -22.258364 nan -22.258364 18.022626 nan 4.942030 16.714566 1.713233 25.362911 17.067116 144.689941 nan 55.562097
505 -22.613876 nan -22.613876 19.255062 nan 8.088966 18.138453 1.820528 25.774927 18.001903 150.197152 nan 57.933067
506 -24.438737 nan -24.438737 20.316494 nan 10.904067 19.375251 2.788683 26.309287 19.004009 156.430610 nan 59.844439
507 -22.622339 nan -22.622339 21.549204 nan 13.577764 20.752060 4.882726 26.988119 20.119782 164.028857 nan 64.378137
508 -11.802363 nan -11.802363 64.210866 nan 58.951842 63.684964 31.894350 42.713430 34.871344 309.197024 nan 137.749009
509 12.240401 nan 12.240401 44.038439 nan 40.815230 43.716118 21.225063 38.565551 29.598554 256.698459 nan 126.533250
510 169.465364 nan 169.465364 28.857403 nan 21.137440 28.085407 14.193952 36.541143 23.472991 213.805388 nan 192.399450
511 207.823149 nan 207.823149 24.875916 nan 11.975855 23.585910 14.926824 36.794167 21.443956 204.271008 nan 208.910006
512 228.203703 nan 228.203703 23.709091 nan 7.123575 22.050540 15.334671 36.236459 20.704120 199.006146 nan 217.576057
513 289.412615 nan 289.412615 17.756395 nan -0.920908 15.888664 14.853055 35.156483 18.065930 181.497124 nan 242.833331
514 362.901604 nan 362.901604 52.655630 nan -9.209290 46.469138 28.816211 29.878417 15.019144 192.688304 nan 287.677507
515 310.311387 nan 310.311387 56.788353 nan -9.379786 50.171539 20.596322 29.040737 16.396366 194.721375 nan 259.910691
516 252.484767 nan 252.484767 35.471806 nan -1.009599 31.823666 13.256101 38.362382 22.663287 220.203113 nan 240.633386
517 279.693583 nan 279.693583 32.687927 nan -1.074459 29.311688 14.676083 39.024658 23.150089 221.706362 nan 256.215247
518 216.084715 nan 216.084715 33.273910 nan 2.012691 30.147788 12.415120 40.100548 24.443410 228.745710 nan 224.818675
519 161.895053 nan 161.895053 31.955238 nan 5.320335 29.291748 10.199268 38.013614 23.682885 218.460952 nan 190.448300
520 104.552820 nan 104.552820 31.935256 nan 9.239035 29.665633 8.764580 35.769273 23.575269 211.205090 nan 155.760475
521 51.206220 nan 51.206220 31.733532 nan 15.562535 30.116432 8.814128 34.727771 24.222807 210.493817 nan 126.321296
522 -12.038968 nan -12.038968 38.038662 nan 28.155285 37.050324 18.084668 34.838061 26.868352 229.403430 nan 100.578176
523 -20.606696 nan -20.606696 11.408426 nan 4.251645 10.692748 2.594868 21.421539 15.158295 121.470199 nan 45.645867
524 -20.178649 nan -20.178649 13.629661 nan 5.966150 12.863310 2.941463 21.508306 15.830149 126.055259 nan 47.999208
525 -19.312185 nan -19.312185 14.791184 nan 8.303470 14.142413 3.323691 21.960008 16.740225 131.572588 nan 51.042990
526 -22.331991 nan -22.331991 15.496177 nan 10.760462 15.022606 2.678980 22.250319 17.391652 135.020109 nan 51.003340
527 -23.534998 nan -23.534998 16.888385 nan 12.821240 16.481670 3.570733 22.351839 17.800919 138.368236 nan 51.895491
528 -26.022960 nan -26.022960 16.726494 nan 13.817193 16.435564 3.343741 21.931888 17.653502 136.529229 nan 49.675894
529 -23.811651 nan -23.811651 16.565761 nan 14.592467 16.368432 2.496476 21.294791 17.281450 133.095747 nan 49.272437
530 -21.242017 nan -21.242017 16.230317 nan 14.741409 16.081426 2.388225 20.445082 16.673234 128.391664 nan 48.469174
531 -17.945257 nan -17.945257 15.875738 nan 15.253077 15.813472 2.908720 20.169149 16.621324 127.348379 nan 49.780176
532 -19.693320 nan -19.693320 45.408774 nan 48.342414 45.702138 21.941827 31.061172 26.938802 228.478791 nan 95.828336
533 40.249161 nan 40.249161 36.186473 nan 41.289909 36.696817 13.682311 30.386357 24.875705 207.955926 nan 119.041174
534 118.422872 nan 118.422872 27.844706 nan 29.201029 27.980338 12.476155 30.332837 22.178790 190.505681 nan 153.620045
535 148.992442 nan 148.992442 25.554022 nan 22.509862 25.249606 13.808087 30.616864 21.227036 186.304541 nan 168.359239
536 196.282925 nan 196.282925 21.695964 nan 14.855520 21.011919 14.843511 29.882868 19.675643 175.624856 nan 189.199530
537 153.504743 nan 153.504743 5.183746 nan 4.801539 5.145525 11.990958 34.765965 19.401549 172.444450 nan 164.619464
538 214.469489 nan 214.469489 116.443780 nan 39.665066 108.765909 33.416518 34.089292 20.128618 284.786246 nan 249.017616
539 288.343975 nan 288.343975 95.871336 nan 26.663091 88.950512 4.514265 23.504583 13.541069 201.893174 nan 250.748465
540 295.975069 nan 295.975069 54.031519 nan 28.758738 51.504241 19.589821 37.527477 24.299696 244.821689 nan 275.605094
541 302.540416 nan 302.540416 29.088152 nan 12.997901 27.479127 12.151990 34.821002 19.272469 194.620339 nan 255.988819
542 281.689242 nan 281.689242 27.623896 nan 9.552267 25.816733 15.080663 36.842486 19.861327 201.960435 nan 248.081160
543 189.807004 nan 189.807004 28.510140 nan 11.700457 26.829172 11.260655 36.623003 20.722791 203.370816 nan 198.619948
544 131.375541 nan 131.375541 27.897682 nan 13.921711 26.500085 9.242518 33.955674 20.286496 192.923601 nan 161.851094
545 69.009712 nan 69.009712 29.548963 nan 18.938224 28.487889 9.098753 32.182320 20.803890 191.086018 nan 126.940493
546 -10.450552 nan -10.450552 28.863239 nan 23.222274 28.299142 10.954343 27.512085 20.082268 175.463940 nan 76.259249
547 -19.419479 nan -19.419479 8.531143 nan 4.231416 8.101171 0.352162 16.905220 11.136115 92.366041 nan 32.668008
548 -20.375606 nan -20.375606 9.591695 nan 5.497869 9.182312 0.328292 16.404767 11.323692 92.499005 nan 32.192614
549 -16.056546 nan -16.056546 9.980804 nan 6.261002 9.608824 0.871446 16.001729 11.414165 92.205083 nan 34.402631
550 -9.856553 nan -9.856553 9.436823 nan 6.125797 9.105721 0.440470 15.074203 10.873221 87.124181 nan 35.406629
551 -6.999601 nan -6.999601 8.781931 nan 5.921164 8.495854 -0.119106 14.076291 10.182359 81.224161 nan 34.204342
552 -9.783828 nan -9.783828 9.707989 nan 7.302046 9.467395 0.184268 14.556824 10.909618 85.940427 nan 34.885432
553 -6.578279 nan -6.578279 9.421142 nan 7.554928 9.234521 0.567893 13.837024 10.431556 82.267416 nan 34.911310
554 -5.308783 nan -5.308783 8.518189 nan 6.666292 8.332999 -0.088373 12.500190 9.306947 73.719062 nan 31.603877
555 -4.399248 nan -4.399248 8.113835 nan 6.409245 7.943376 -0.523378 11.653033 8.653268 68.652928 nan 29.727397
556 -6.295896 nan -6.295896 17.168377 nan 15.198338 16.971373 5.157905 16.403475 12.606226 106.063637 nan 46.113998
557 15.499170 nan 15.499170 17.798559 nan 15.754543 17.594158 4.827863 18.680492 12.290559 112.438457 nan 60.987813
558 168.906674 nan 168.906674 16.446986 nan 11.728963 15.975183 7.089359 24.166305 11.407441 125.532163 nan 150.833755
559 285.787162 nan 285.787162 7.517674 nan -0.342751 6.731632 7.050369 26.993454 6.939261 111.349925 nan 208.065543
560 398.226693 nan 398.226693 2.373257 nan -5.449816 1.590950 4.766702 32.695176 3.375525 111.709734 nan 269.648623
561 458.365231 nan 458.365231 -0.051330 nan -0.494266 -0.095624 2.543631 34.578221 -1.172276 101.139663 nan 297.517674
562 529.183031 nan 529.183031 95.892329 nan -33.651378 82.937958 32.321637 20.241346 -7.837213 133.079012 nan 349.817108
563 554.546995 nan 554.546995 125.640070 nan -34.908082 109.585255 21.477600 12.131593 -12.356497 117.501582 nan 355.957866
564 539.943325 nan 539.943325 22.766479 nan -27.092880 17.780543 0.154427 38.637951 -4.640569 119.834460 nan 350.530647
565 478.561140 nan 478.561140 9.860811 nan -23.081287 6.566601 -1.509830 43.167316 -2.917085 126.713364 nan 320.454398
566 394.926046 nan 394.926046 5.790866 nan -19.601266 3.251652 -5.256208 42.488676 -2.017608 122.562374 nan 272.944857
567 289.886530 nan 289.886530 5.028051 nan -17.957562 2.729490 -9.323345 39.273507 -0.828539 114.335056 nan 211.804001
568 171.323471 nan 171.323471 4.150126 nan -15.596156 2.175498 -13.339177 32.841262 -0.605437 93.547302 nan 137.387425
569 60.015302 nan 60.015302 3.983273 nan -13.716801 2.213266 -14.004179 25.523490 -0.147625 72.739188 nan 66.901411
570 -1.948086 nan -1.948086 3.428583 nan -11.021253 1.983599 -10.513011 15.719969 -0.686164 42.879811 nan 19.073356
571 -2.314582 nan -2.314582 0.003513 nan -0.203016 -0.017140 -8.556031 8.661666 -4.443497 9.214956 nan 3.086739
572 -2.704976 nan -2.704976 -0.018131 nan -0.205120 -0.036830 -8.953657 5.336982 -6.094313 -5.890287 nan -4.219828
573 -2.460968 nan -2.460968 -0.005802 nan -0.178181 -0.023040 -8.404236 6.341703 -3.946299 3.801478 nan 0.463919
574 -2.091445 nan -2.091445 0.011542 nan -0.148149 -0.004427 -7.384377 7.632736 -1.782405 14.592816 nan 5.731382
575 -3.676903 nan -3.676903 0.862261 nan -4.231036 0.352931 -6.760871 8.699140 -0.035518 23.639450 nan 9.108837
576 -15.676987 nan -15.676987 5.227517 nan -5.142121 4.190553 -4.734600 13.813645 5.600173 60.538168 nan 19.831495
577 -14.835723 nan -14.835723 6.205493 nan -3.526209 5.232322 -4.352587 13.751297 6.090160 63.015658 nan 21.437325
578 -14.168541 nan -14.168541 5.920970 nan -2.901560 5.038717 -4.215055 13.234438 6.061611 61.240842 nan 20.970217
579 -9.250767 nan -9.250767 6.729434 nan -1.679700 5.888521 -3.338854 13.868872 7.161535 67.644200 nan 26.645277
580 -6.097845 nan -6.097845 7.977616 nan -0.627877 7.117066 -2.308368 15.869776 8.552414 79.460289 nan 33.893922
581 9.191558 nan 9.191558 26.921740 nan 14.895239 25.719089 8.373620 27.836399 17.421632 164.842630 nan 82.029678
582 145.246513 nan 145.246513 19.434627 nan 5.999346 18.091098 8.645445 28.007101 14.685556 149.627248 nan 149.209770
583 238.803641 nan 238.803641 10.283218 nan -4.780207 8.776875 7.209610 26.851747 10.321787 123.181322 nan 187.963964
584 332.123227 nan 332.123227 5.237409 nan -10.190055 3.694663 7.166178 28.323051 7.505632 114.047185 nan 234.652389
585 385.399891 nan 385.399891 3.102712 nan -11.840755 1.608365 7.143207 30.066139 6.381656 113.809033 nan 263.632194
586 429.991576 nan 429.991576 48.000344 nan -33.600141 39.840296 22.442400 22.655705 4.344471 129.817786 nan 294.857833
587 455.402070 nan 455.402070 63.883233 nan -39.413138 53.553596 17.009372 18.500405 2.510138 123.388974 nan 305.503903
588 482.055974 nan 482.055974 26.063007 nan -28.834547 20.573251 9.586035 38.958772 10.684384 173.337133 nan 344.020594
589 441.740618 nan 441.740618 5.629024 nan -21.775209 2.888601 -4.816234 35.959382 3.188312 118.405189 nan 296.531896
590 377.622782 nan 377.622782 4.964852 nan -20.769568 2.391410 -5.733343 39.685061 4.772934 133.472058 nan 268.645150
591 294.425632 nan 294.425632 13.841335 nan -23.968920 10.060309 -3.288630 46.250877 11.958748 183.373732 nan 246.581429
592 173.470768 nan 173.470768 9.526428 nan -19.403710 6.633414 -10.747957 37.261894 9.228067 141.804116 nan 161.150932
593 35.613398 nan 35.613398 8.569357 nan -13.479460 6.364475 -9.803491 34.270256 12.942032 144.079944 nan 87.026738
594 -24.003146 nan -24.003146 2.886776 nan -7.961242 1.801974 -3.555212 22.010707 9.089457 93.680383 nan 30.890083
595 -29.539932 nan -29.539932 0.866573 nan -5.207123 0.259204 -6.046783 16.284312 5.388950 62.860278 nan 13.423323
596 -32.018351 nan -32.018351 3.934207 nan -8.758324 2.664954 -4.769797 17.069656 7.463440 74.356325 nan 17.431571
597 -31.629351 nan -31.629351 6.483054 nan -7.684000 5.066349 -4.542572 18.315171 9.624538 87.068445 nan 23.577661
598 -29.702225 nan -29.702225 8.390167 nan -5.604490 6.990701 -3.862103 19.088218 11.102947 96.019355 nan 28.802229
599 -24.070386 nan -24.070386 9.549249 nan -3.674237 8.226901 -3.028130 19.503129 12.110596 101.856824 nan 34.595231
600 -21.101445 nan -21.101445 8.231904 nan -3.249080 7.083805 -3.628374 17.763030 10.873003 91.540555 nan 31.387907
601 -16.386775 nan -16.386775 7.789509 nan -2.795940 6.730964 -3.647464 16.964738 10.528481 87.751637 nan 32.185295
602 -17.438394 nan -17.438394 9.067616 nan -1.341689 8.026685 -2.691997 17.699501 11.655553 95.015049 nan 35.001339
603 -20.366882 nan -20.366882 10.954914 nan 0.790374 9.938460 -1.511716 18.834318 13.147794 105.280109 nan 38.193622
604 -22.218923 nan -22.218923 12.676683 nan 2.249367 11.633952 0.065420 20.612835 14.542100 117.124925 nan 42.717379
605 13.198060 nan 13.198060 30.488404 nan 21.657735 29.605337 7.608913 30.902250 22.744735 193.589856 nan 97.660499
606 98.932951 nan 98.932951 17.604670 nan 7.567575 16.600961 1.144440 27.266250 16.895638 149.544401 nan 123.949676
607 169.679872 nan 169.679872 12.511849 nan -1.164491 11.144215 1.856456 26.337222 13.851285 132.452320 nan 154.591759
608 255.384235 nan 255.384235 11.192931 nan -6.623953 9.411242 6.290869 27.989493 13.341498 135.920561 nan 202.984123
609 325.754837 nan 325.754837 10.674835 nan -10.945537 8.512798 9.125090 31.111921 13.337089 145.509863 nan 245.878895
610 317.265476 nan 317.265476 46.164168 nan -18.809864 39.666765 19.703363 26.257592 12.305418 163.237140 nan 249.077109
611 381.635738 nan 381.635738 70.364923 nan -17.704002 61.558030 29.906236 27.448059 14.584014 199.616742 nan 300.919130
612 454.226703 nan 454.226703 25.070939 nan -19.948894 20.568956 11.756330 38.535811 14.392392 184.056098 nan 333.870460
613 410.540706 nan 410.540706 19.458614 nan -20.584750 15.454278 9.558770 43.377627 15.345783 195.448017 nan 315.475307
614 347.874341 nan 347.874341 16.439522 nan -19.162306 12.879339 1.705683 43.282208 13.984798 185.362631 nan 276.614630
615 196.684861 nan 196.684861 17.894585 nan -14.968529 14.608274 -0.561932 41.213844 15.220733 183.687231 nan 193.340012
616 104.895291 nan 104.895291 17.113304 nan -11.067467 14.295227 -2.526497 34.466400 14.658941 160.660649 nan 132.466963
617 47.534016 nan 47.534016 14.644908 nan -8.502770 12.330140 -2.453343 28.837197 13.386192 138.018969 nan 90.573864
618 -1.849430 nan -1.849430 10.985398 nan -5.857722 9.301086 1.177565 22.220287 11.894237 112.115684 nan 51.507837
619 -0.474453 nan -0.474453 11.104339 nan -2.305498 9.763356 3.056770 21.252201 12.617484 112.595117 nan 52.471453
620 -0.926936 nan -0.926936 3.140317 nan -2.828309 2.543455 0.276226 18.463635 10.847855 90.588415 nan 42.004296
621 -2.324487 nan -2.324487 5.991968 nan -1.756810 5.217090 2.323283 18.993662 12.043645 99.258324 nan 45.268753
622 -4.542081 nan -4.542081 11.751072 nan 1.300605 10.706025 4.137609 19.887052 13.457551 112.394876 nan 50.141791
623 -4.183696 nan -4.183696 7.086436 nan 2.906920 6.668484 4.888893 21.021816 15.067915 116.893233 nan 52.509492
624 -8.362475 nan -8.362475 3.234793 nan 3.788520 3.290166 0.555577 22.312919 16.704527 120.564736 nan 52.016343
625 -6.192095 nan -6.192095 15.895533 nan 10.282258 15.334205 -4.629214 21.455284 16.240591 126.570145 nan 55.850993
626 -4.883431 nan -4.883431 16.080872 nan 12.557153 15.728500 -5.607307 21.273274 16.392278 126.482233 nan 56.519915
627 -2.815784 nan -2.815784 13.885051 nan 13.549656 13.851511 -4.665374 20.947363 16.387049 123.988599 nan 56.502626
628 -5.365294 nan -5.365294 14.247556 nan 16.041475 14.426948 -4.098308 21.996397 17.372049 130.892961 nan 58.344848
629 -0.417125 nan -0.417125 13.944446 nan 16.235413 14.173543 -0.141284 22.559816 17.719847 134.956018 nan 62.946502
630 6.584494 nan 6.584494 12.508292 nan 14.489160 12.706379 0.521723 23.473573 17.541607 135.960608 nan 67.258042
631 23.951694 nan 23.951694 14.616843 nan 15.828588 14.738018 7.978535 28.234163 19.890214 162.302563 nan 89.054937
632 29.552851 nan 29.552851 11.803709 nan 10.939700 11.717308 1.871064 26.623368 17.682122 145.382204 nan 84.223246
633 57.342149 nan 57.342149 9.357745 nan 7.324366 9.154407 10.043621 30.407270 17.829967 157.883566 nan 105.271917
634 254.673036 nan 254.673036 49.835864 nan 14.275391 46.279817 37.457390 27.230646 15.761869 190.240318 nan 227.475850
635 266.351069 nan 266.351069 71.263564 nan 13.396554 65.476863 7.638720 19.741570 9.726051 156.935216 nan 217.983804
636 243.868434 nan 243.868434 2.156745 nan -2.380836 1.702987 -0.014255 24.297770 8.182856 99.139164 nan 179.558743
637 309.952902 nan 309.952902 -0.182095 nan -0.323126 -0.196198 0.387414 26.038461 5.862492 95.661629 nan 213.999230
638 271.818462 nan 271.818462 -0.184186 nan -0.367145 -0.202482 0.321721 31.113526 7.571804 115.982197 nan 202.743390
639 209.382546 nan 209.382546 -0.081721 nan -0.327304 -0.106279 -0.455619 31.663308 9.422543 122.969026 nan 171.969555
640 157.185238 nan 157.185238 3.477407 nan -2.411514 2.888515 2.346246 35.990290 14.560695 155.479968 nan 158.716419
641 48.455609 nan 48.455609 2.532928 nan -1.155176 2.164118 -4.420783 28.844373 12.822853 125.397484 nan 85.307077
642 -16.958994 nan -16.958994 -0.070683 nan -0.095155 -0.073130 -7.677214 13.772117 4.561690 51.857404 nan 15.126625
643 -13.923677 nan -13.923677 -0.042883 nan -0.054767 -0.044071 -5.541743 13.971205 6.557309 59.324771 nan 20.284034
644 -15.939456 nan -15.939456 0.000025 nan -0.009616 -0.000939 -3.049343 15.476028 9.037183 72.318955 nan 25.281152
645 -21.422160 nan -21.422160 3.104198 nan 2.749950 3.068773 -2.719674 17.763439 11.968738 91.177432 nan 31.101045
646 -27.252805 nan -27.252805 6.726153 nan 7.621161 6.815654 -1.959967 19.656865 14.337478 108.014696 nan 35.770493
647 -29.630586 nan -29.630586 8.976409 nan 11.280639 9.206832 -0.462767 20.418623 15.487228 116.739279 nan 38.531572
648 -28.729860 nan -28.729860 14.919262 nan 15.294138 14.956750 3.305906 23.496440 18.892478 143.445863 nan 51.470623
649 -25.753258 nan -25.753258 15.280819 nan 17.197537 15.472490 2.082069 23.218204 18.924573 142.733649 nan 52.754852
650 -21.107206 nan -21.107206 13.877432 nan 16.379922 14.127681 1.471779 21.816415 17.802383 133.572785 nan 51.008087
651 -19.326399 nan -19.326399 12.877624 nan 15.128937 13.102755 2.282049 20.628406 16.860282 126.481636 nan 48.662311
652 -15.582987 nan -15.582987 12.013938 nan 13.453512 12.157896 2.060608 19.882368 16.066499 120.828740 nan 48.063876
653 -3.973529 nan -3.973529 27.127485 nan 30.977011 27.512437 9.252726 27.123076 21.885699 178.239852 nan 81.112053
654 143.068649 nan 143.068649 16.128215 nan 15.073157 16.022709 8.076845 26.234117 16.511384 147.489951 nan 147.050679
655 280.953727 nan 280.953727 6.556377 nan 1.057946 6.006534 5.715923 29.006907 10.850097 127.863915 nan 213.199916
656 347.914155 nan 347.914155 2.774388 nan -4.675658 2.029383 5.504955 32.525735 8.059367 125.986673 nan 248.902823
657 422.890526 nan 422.890526 1.305961 nan -6.102844 0.565081 7.654576 34.790502 6.822667 128.466418 nan 290.980729
658 487.047873 nan 487.047873 78.677606 nan -26.201070 68.189738 31.190478 25.273487 2.745910 164.724120 nan 341.924105
659 507.740805 nan 507.740805 115.856471 nan -16.993847 102.571439 38.450031 26.920553 7.751940 221.968932 nan 379.560340
660 429.309139 nan 429.309139 23.233308 nan -24.856636 18.424314 1.800158 30.354246 4.261409 122.991344 nan 291.653763
661 344.700548 nan 344.700548 17.597981 nan -23.659271 13.472255 3.770238 30.852705 7.732814 130.736908 nan 249.211945
662 271.770896 nan 271.770896 18.886731 nan -20.814655 14.916592 3.122121 30.253465 10.753203 139.185447 nan 213.380075
663 195.015620 nan 195.015620 18.129890 nan -17.443123 14.572589 0.243628 28.049048 11.603736 133.628391 nan 168.915619
664 102.966122 nan 102.966122 14.179626 nan -14.752305 11.286433 -4.762144 23.005310 10.171606 108.912323 nan 107.159666
665 38.079178 nan 38.079178 12.856197 nan -10.958658 10.474712 -6.749015 19.986330 9.669244 96.741830 nan 66.067459
666 -8.375143 nan -8.375143 11.555222 nan -7.461986 9.653502 -2.788473 17.015520 8.953649 86.445619 nan 35.895480
667 -8.859978 nan -8.859978 4.496798 nan -7.526710 3.294447 -3.048768 12.608558 5.730930 57.093404 nan 21.941358
668 -1.741733 nan -1.741733 5.535491 nan -6.200018 4.361940 -2.104053 11.511968 5.405773 54.273541 nan 24.481093
669 -2.905913 nan -2.905913 5.703812 nan -4.569919 4.676439 -2.751683 11.588689 5.976382 56.270980 nan 24.781081
670 -5.453158 nan -5.453158 2.723776 nan -4.890964 1.962302 -3.732133 9.868092 4.579227 43.811405 nan 17.582950
671 -7.414704 nan -7.414704 4.363315 nan -4.371038 3.489880 -2.665178 11.495181 6.548810 56.555782 nan 22.473279
672 -13.870811 nan -13.870811 9.223668 nan -1.529994 8.148302 0.065470 16.043173 11.386733 90.464210 nan 34.801250
673 -19.672189 nan -19.672189 10.615113 nan 1.984705 9.752073 1.842636 18.564506 14.177865 108.716238 nan 40.181177
674 -39.938045 nan -39.938045 13.180048 nan 17.939931 13.656037 5.774670 29.055453 24.669434 177.140567 nan 61.197090
675 -30.058245 nan -30.058245 0.109533 nan 6.804164 0.778996 -3.538904 28.790479 24.707396 159.857059 nan 58.685746
676 -27.034143 nan -27.034143 -1.377699 nan 0.205216 -1.219408 -5.595205 27.899958 24.058042 152.416508 nan 56.875716
677 -24.803194 nan -24.803194 -1.787363 nan 0.010776 -1.607549 -3.286213 26.890120 23.254663 147.512314 nan 55.789395
678 -14.849484 nan -14.849484 -1.553825 nan -0.054618 -1.403904 -0.025627 25.539088 22.048476 141.348536 nan 58.312594
679 0.256439 nan 0.256439 -1.110420 nan -0.081418 -1.007520 4.206762 24.260996 20.877629 136.091060 nan 64.066502
680 4.043802 nan 4.043802 -0.824919 nan -0.099197 -0.752347 5.114631 22.732509 19.410573 127.722749 nan 62.195698
681 24.409411 nan 24.409411 -0.520765 nan -0.138250 -0.482513 5.597812 22.691937 17.209828 121.461907 nan 70.358254
682 25.453182 nan 25.453182 -0.431882 nan -0.138726 -0.402566 9.830866 21.940283 17.079782 120.589974 nan 70.506566
683 18.424213 nan 18.424213 -0.580297 nan -0.127829 -0.535050 7.211042 21.767601 17.898238 121.346884 nan 67.036460
684 20.825741 nan 20.825741 -0.429081 nan -0.063556 -0.392528 6.318232 24.482417 20.444589 136.915782 nan 75.659053
685 18.375343 nan 18.375343 -0.367779 nan -0.069605 -0.337961 3.823547 23.971555 18.768342 129.411147 nan 70.802789
686 -1.378789 nan -1.378789 -0.290370 nan -0.039389 -0.265272 1.247876 22.623178 18.125571 122.480126 nan 56.777472
687 -3.144588 nan -3.144588 -0.195445 nan -0.038319 -0.179733 -1.635323 19.427809 16.289662 106.318553 nan 48.228960
688 -10.054768 nan -10.054768 -0.220351 nan -0.056178 -0.203934 -3.171957 17.810101 14.962217 96.844236 nan 40.013805
689 -20.319967 nan -20.319967 -0.221730 nan -0.059154 -0.205473 -3.769716 16.954610 14.459321 92.528434 nan 32.388959
690 -43.068877 nan -43.068877 -3.143338 nan -0.144509 -2.843455 -5.130963 21.439222 18.653634 115.382730 nan 30.758325
691 -33.984213 nan -33.984213 -1.541335 nan 0.003703 -1.386831 -2.372291 17.524638 15.206605 95.857980 nan 26.514123
692 -29.846406 nan -29.846406 -0.102387 nan -0.025735 -0.094722 -3.776117 11.373982 9.482748 60.965020 nan 12.365817
693 -36.997217 nan -36.997217 -0.077884 nan 0.005537 -0.069542 -4.707770 12.343015 10.549982 66.726339 nan 11.173325
694 -33.500194 nan -33.500194 -0.088421 nan 0.018911 -0.077688 -4.718384 12.955728 11.274875 70.726768 nan 14.959931
695 -28.221216 nan -28.221216 -0.104883 nan 0.024543 -0.091941 -4.112786 13.160190 11.580756 72.485783 nan 18.664325
696 -29.387251 nan -29.387251 -0.122310 nan 0.025802 -0.107499 -5.199178 12.767856 11.276728 69.946584 nan 16.838522
697 -24.998662 nan -24.998662 -0.133459 nan 0.031134 -0.117000 -5.484978 12.971430 11.566671 71.303312 nan 19.870385
698 -18.098354 nan -18.098354 -0.138729 nan 0.031953 -0.121661 -3.668416 12.995826 11.672992 72.417426 nan 24.153152
699 -8.355334 nan -8.355334 -0.145013 nan 0.024979 -0.128014 -3.799311 11.827258 10.585031 65.589129 nan 26.260710
700 -13.791107 nan -13.791107 -0.453216 nan 0.281496 -0.379744 0.934107 17.487348 15.755946 99.723782 nan 39.321026
701 3.140196 nan 3.140196 -0.488643 nan 0.123692 -0.427410 1.594199 19.590585 16.277941 107.815848 nan 52.356223
702 37.364993 nan 37.364993 -0.511470 nan 0.077376 -0.452586 8.460706 22.443799 16.099457 118.561465 nan 76.055213
703 57.971796 nan 57.971796 -0.481457 nan 0.009387 -0.432373 11.787113 24.840478 15.468067 125.208108 nan 90.408825
704 80.527312 nan 80.527312 -0.440349 nan -0.094233 -0.405737 12.079771 27.677700 13.933179 129.258811 nan 104.613323
705 306.274308 nan 306.274308 -0.447626 nan -0.223947 -0.425259 12.010939 30.901566 12.265663 133.880804 nan 229.919447
706 298.575165 nan 298.575165 -0.854503 nan -0.347122 -0.803764 29.296743 25.066900 11.001999 119.121630 nan 218.751405
707 392.957336 nan 392.957336 -3.686713 nan -0.771021 -3.395144 29.375190 19.734509 6.912498 88.295954 nan 255.792936
708 394.043463 nan 394.043463 -2.884950 nan -0.888535 -2.685309 16.592533 33.455204 10.477104 135.748631 nan 278.693980
709 381.897079 nan 381.897079 -0.707706 nan -0.466881 -0.683624 1.893769 32.023679 5.784423 113.498190 nan 261.623020
710 290.273694 nan 290.273694 -0.429113 nan -0.454434 -0.431645 1.531873 34.049926 8.028965 126.417780 nan 217.711980
711 226.252871 nan 226.252871 -0.186432 nan -0.329673 -0.200756 0.451728 32.079373 9.558216 124.892702 nan 182.074327
712 114.029025 nan 114.029025 1.615761 nan -3.764062 1.077779 1.190212 29.821927 13.181874 130.565267 nan 123.504545
713 41.982988 nan 41.982988 9.959147 nan 0.332600 8.996492 2.637985 29.975213 16.763413 150.267565 nan 93.337326
714 -5.726005 nan -5.726005 -0.026399 nan -0.069427 -0.030702 -5.436845 12.793330 4.949421 51.022815 nan 20.855632
715 -1.247691 nan -1.247691 -0.031677 nan -0.052574 -0.033766 -6.002339 9.967444 3.378062 37.601814 nan 16.995962
716 -0.850712 nan -0.850712 -0.029515 nan -0.036497 -0.030213 -6.268162 8.426331 2.597638 30.534428 nan 13.893557
717 -1.358880 nan -1.358880 -0.021851 nan -0.020221 -0.021688 -6.196484 7.894623 2.596133 28.971987 nan 12.882198
718 -0.959804 nan -0.959804 -0.017053 nan -0.009649 -0.016313 -5.835468 7.206971 2.339709 26.289541 nan 11.838982
719 -0.768941 nan -0.768941 -0.015028 nan -0.003217 -0.013847 -5.602057 6.566027 2.053622 23.604278 nan 10.681226
720 -3.437729 nan -3.437729 0.867252 nan 1.102950 0.890822 -3.198577 9.644572 5.407807 44.768526 nan 19.146773
721 -10.162879 nan -10.162879 2.539232 nan 2.743359 2.559645 -3.223233 10.706472 6.720971 53.552681 nan 19.579175
722 -5.861900 nan -5.861900 2.863708 nan 3.111973 2.888535 -2.666586 10.163989 6.444892 51.648544 nan 21.024463
723 -0.345840 nan -0.345840 12.124790 nan 12.842541 12.196565 1.134267 14.202455 10.663219 87.247292 nan 40.603602
724 -0.685889 nan -0.685889 9.673973 nan 11.016964 9.808272 -0.656352 12.954534 9.413053 76.648491 nan 35.480424
725 -2.488236 nan -2.488236 9.361206 nan 9.258435 9.350929 1.973771 13.419964 9.454660 78.764307 nan 35.491671
726 62.564010 nan 62.564010 6.978146 nan 4.515140 6.731846 2.678914 12.712602 7.943508 69.771741 nan 66.788907
727 114.465109 nan 114.465109 6.865821 nan 1.366876 6.315927 4.866224 13.456517 7.934970 72.436875 nan 96.351402
728 143.101676 nan 143.101676 7.821658 nan -0.634115 6.976080 7.139857 14.602145 8.779634 79.977361 nan 115.497577
729 94.653330 nan 94.653330 1.890972 nan -0.671195 1.634755 7.011194 15.117546 10.378244 80.926603 nan 89.598303
730 18.412473 nan 18.412473 14.831871 nan 6.016399 13.950323 2.541291 17.418888 13.833524 108.724075 nan 60.893007
731 16.348761 nan 16.348761 11.530490 nan 4.266821 10.804123 1.752819 14.818266 11.843108 91.489372 nan 51.721839
732 18.878385 nan 18.878385 14.891386 nan 9.083293 14.310576 4.710710 16.834089 13.928935 108.483932 nan 61.023628
733 14.390533 nan 14.390533 13.352058 nan 10.344001 13.051252 4.369619 16.367048 13.711031 105.033334 nan 56.974881
734 0.384873 nan 0.384873 10.698165 nan 10.635314 10.691880 -0.143752 15.216832 12.816342 94.733900 nan 44.544507
735 -7.395531 nan -7.395531 9.003522 nan 10.821768 9.185347 -3.988637 14.539154 12.275364 88.033448 nan 37.185615
736 -15.719351 nan -15.719351 8.134839 nan 11.340071 8.455362 -6.954783 14.246215 12.109569 84.740802 nan 31.117055
737 -25.640067 nan -25.640067 7.664260 nan 12.055727 8.103407 -8.690335 14.152817 12.106757 83.405994 nan 25.088340
738 -30.669047 nan -30.669047 7.052868 nan 12.480518 7.595633 -10.565865 13.770983 11.850666 80.234235 nan 20.867735
739 -26.697749 nan -26.697749 5.800721 nan 11.737960 6.394444 -10.714884 12.856671 11.070637 73.890416 nan 20.072786
740 -28.726995 nan -28.726995 4.794413 nan 10.843348 5.399307 -11.083515 12.227426 10.534087 69.250438 nan 16.802512
741 -27.834605 nan -27.834605 3.860962 nan 9.776968 4.452563 -11.823210 11.398711 9.808346 63.344450 nan 14.531383
742 -14.715896 nan -14.715896 -0.019823 nan 0.048700 -0.012970 -4.891917 6.436672 5.031232 32.433976 nan 7.219343
743 -14.720685 nan -14.720685 -0.018743 nan 0.039825 -0.012887 -4.788013 5.900490 4.566193 29.471958 nan 5.825227
