#### 	 Vertical City Weather Generator (VCWG)  	 #### 
# Sensible heat fluxes at the surfaces 
# 0:time [hr] 1:HfluxRoofImp [W m^-2] 2:HfluxRoofVeg [W m^-2] 3:HfluxRoof [W m^-2] 4:HfluxGroundImp [W m^-2] 5:HfluxGroundBare [W m^-2] 6:HfluxGroundVeg [W m^-2] 7:HfluxGround [W m^-2] 8:HfluxTree [W m^-2] 9:HfluxWallSun [W m^-2] 10:HfluxWallShade [W m^-2] 11:HfluxCanyon [W m^-2] 12:HfluxRural [W m^-2] 13:HfluxUrban [W m^-2] 
0 94.017008 nan 94.017008 89.925055 nan 136.388841 113.156948 30.865007 54.196864 54.196864 212.667715 -3.672683 163.241869
1 53.464154 nan 53.464154 68.466109 nan 119.050593 93.758351 26.635904 48.499598 48.499598 182.483810 -3.360958 125.980253
2 33.214561 nan 33.214561 56.536055 nan 107.032588 81.784322 23.555532 44.452067 44.452067 162.822520 -3.200235 104.815254
3 12.118630 nan 12.118630 40.045744 nan 86.596988 63.321366 12.341636 37.505852 37.505852 129.212870 -5.717696 73.812212
4 18.379044 nan 18.379044 52.833610 nan 102.449388 77.641499 18.976718 41.795569 41.775200 152.774568 -1.411743 90.658763
5 22.560487 nan 22.560487 53.232164 nan 91.177870 72.205017 24.165784 41.394582 40.937034 148.027486 14.815462 92.211104
6 31.024223 nan 31.024223 52.358884 nan 82.013476 67.186180 29.027110 40.761963 39.959249 143.284028 21.094635 95.892820
7 42.501207 nan 42.501207 54.390239 nan 76.297366 65.343803 34.150727 41.400848 39.487036 143.268122 30.146707 103.534835
8 62.436135 nan 62.436135 59.403362 nan 69.421882 64.412622 44.747691 42.857133 39.683235 147.192384 47.789763 119.269275
9 96.273438 nan 96.273438 68.449378 nan 60.969506 64.709442 57.771894 45.737788 40.288457 154.655873 72.268100 144.791858
10 190.291256 nan 190.291256 102.527850 nan 56.425136 79.476493 100.826113 56.099373 44.103795 195.300900 145.258515 227.502179
11 301.512549 nan 301.512549 83.627967 nan 18.761317 51.194642 104.564984 58.400006 38.657298 165.658898 184.180301 272.722330
12 302.907571 nan 302.907571 8.079196 nan -3.986794 2.046201 78.841922 51.969553 35.407175 100.051831 131.206712 233.726254
13 284.162898 nan 284.162898 -1.721743 nan -2.786464 -2.254104 60.557094 37.874355 27.208606 71.349576 125.322276 203.814130
14 274.426943 nan 274.426943 -2.543061 nan -2.808124 -2.675593 44.175134 40.898620 30.923355 71.081574 86.679339 193.533563
15 215.837424 nan 215.837424 -2.797154 nan -2.446755 -2.621954 32.408964 48.489406 33.386971 75.542850 55.030407 161.489374
16 137.779457 nan 137.779457 -2.053013 nan -1.357116 -1.705065 11.976006 45.709223 28.516326 63.417972 17.425527 108.118561
17 95.111314 nan 95.111314 -0.963037 nan -0.748640 -0.855839 -1.132073 43.388151 25.287576 55.371825 8.338468 77.614082
18 40.990919 nan 40.990919 -0.388871 nan -0.307838 -0.348354 -14.062795 29.786150 17.566318 34.042319 -5.717499 34.428664
19 10.255443 nan 10.255443 -0.089247 nan -0.010573 -0.049910 -13.045701 20.306457 12.934485 23.045690 -9.170614 13.052980
20 9.398681 nan 9.398681 6.658751 nan 10.323390 8.491070 -3.203371 23.381046 17.533897 41.156121 -6.934392 24.577194
21 15.721306 nan 15.721306 16.340267 nan 27.015501 21.677884 7.828589 28.630283 23.615068 67.318092 -4.976751 44.171977
22 14.428915 nan 14.428915 17.789077 nan 34.418914 26.103996 11.105496 29.606154 25.101222 74.853645 -4.270706 48.196572
23 12.231440 nan 12.231440 18.585395 nan 39.462324 29.023860 12.145077 29.854665 25.689242 78.805677 -4.402442 49.282879
24 11.879141 nan 11.879141 20.935639 nan 46.047091 33.491365 14.280906 30.856128 26.940030 85.833552 -4.648979 53.187871
25 9.356169 nan 9.356169 21.683397 nan 50.029555 35.856476 13.292588 30.746608 27.093362 87.908953 -5.770072 52.541253
26 5.540917 nan 5.540917 21.203921 nan 51.187232 36.195577 11.316005 29.621122 26.219975 85.949010 -6.496776 48.926353
27 2.176193 nan 2.176193 20.587770 nan 50.986059 35.786915 9.157507 28.046645 24.878477 82.425479 -6.817140 44.720269
28 4.122367 nan 4.122367 25.492666 nan 57.160197 41.326432 10.055409 29.233581 26.250030 90.369652 -3.776824 49.877869
29 17.537466 nan 17.537466 37.790764 nan 68.018012 52.904388 21.943208 34.181114 30.770061 113.669600 6.944723 72.046972
30 38.538450 nan 38.538450 44.770029 nan 67.475006 56.122517 33.703080 37.588649 32.977327 125.392194 24.056803 92.530118
31 87.273248 nan 87.273248 52.447225 nan 58.710731 55.578978 61.188844 43.326563 36.006384 141.135421 67.338883 134.554096
32 175.891981 nan 175.891981 56.077330 nan 36.716440 46.396885 86.630386 53.083700 34.537431 147.171570 129.873558 192.169477
33 240.760017 nan 240.760017 24.098340 nan 6.850493 15.474417 73.554244 56.980441 28.923684 110.523172 148.027795 204.449947
34 268.370531 nan 268.370531 -0.811220 nan -1.915770 -1.363495 55.325407 54.377669 23.501221 81.061549 161.291874 198.837164
35 298.745997 nan 298.745997 -3.229493 nan -4.165077 -3.697285 62.627226 51.254350 23.400498 78.477775 176.897958 215.757132
36 306.239370 nan 306.239370 -4.553199 nan -5.672601 -5.112900 64.810026 46.521227 24.623377 74.888705 166.386174 218.575622
37 279.427518 nan 279.427518 -5.008031 nan -6.401023 -5.704527 51.919488 39.396125 24.696961 64.235760 132.615393 195.161048
38 257.986005 nan 257.986005 -4.402454 nan -6.406780 -5.404617 39.185731 37.641312 24.155081 58.444849 113.404676 177.049180
39 214.371298 nan 214.371298 -3.581685 nan -5.425843 -4.503764 15.117926 42.003876 22.698542 53.806336 69.970208 144.393780
40 153.471339 nan 153.471339 -2.146040 nan -3.156418 -2.651229 11.654937 50.934275 23.389524 62.446936 29.100982 115.771598
41 90.865403 nan 90.865403 -0.750339 nan -1.431906 -1.091123 -15.547161 47.053761 20.451376 49.419542 -1.263817 67.920772
42 6.946594 nan 6.946594 -0.538015 nan -1.075914 -0.806964 -39.468032 17.633812 0.668375 1.265816 -12.766934 -7.885813
43 -1.004634 nan -1.004634 -0.383620 nan -0.714755 -0.549187 -43.451939 -1.970698 -12.824947 -27.068215 -19.940865 -27.687002
44 -2.289349 nan -2.289349 -0.759864 nan -0.936941 -0.848402 -55.631920 -18.068978 -27.034979 -56.362186 -19.471452 -46.999794
45 -2.283812 nan -2.283812 -1.060776 nan -1.115734 -1.088255 -58.045118 -23.882895 -31.710261 -66.042543 -20.125471 -52.654296
46 -2.823313 nan -2.823313 -1.080239 nan -1.042401 -1.061320 -54.606236 -21.132912 -28.227877 -59.745345 -18.540554 -48.675089
47 -1.858611 nan -1.858611 -0.837805 nan -0.728516 -0.783160 -48.624877 -10.519602 -17.043099 -39.529852 -17.070342 -36.057637
48 -0.995181 nan -0.995181 -0.620897 nan -0.441118 -0.531008 -43.414800 -5.079087 -11.122046 -28.196162 -17.784560 -28.244384
49 -2.576156 nan -2.576156 -0.625281 nan -0.384792 -0.505036 -45.920229 -6.290828 -11.998536 -30.717225 -17.273163 -31.128083
50 -2.009999 nan -2.009999 -0.620320 nan -0.334426 -0.477373 -45.314153 -5.419885 -10.777960 -28.765977 -16.986002 -29.653698
51 -2.887463 nan -2.887463 -0.498144 nan -0.184708 -0.341426 -39.449349 -0.312081 -5.380862 -18.038691 -14.565398 -22.854148
52 -1.823164 nan -1.823164 6.252723 nan 11.583371 8.918047 -17.162179 16.110158 11.112640 25.696558 -9.436969 6.519850
53 -0.853849 nan -0.853849 52.922367 nan 55.374452 54.148410 13.274339 36.757470 29.265359 112.938984 11.325587 59.329380
54 0.296476 nan 0.296476 57.933697 nan 45.434954 51.684326 27.369443 39.274407 27.534374 115.769401 33.354829 65.802319
55 67.649330 nan 67.649330 74.655438 nan 38.198972 56.427205 56.139066 47.034084 28.056839 136.822713 87.917637 120.501243
56 129.715683 nan 129.715683 73.205272 nan 23.810349 48.507810 61.089646 45.667942 28.022356 129.381016 104.061412 150.995605
57 155.318296 nan 155.318296 75.524786 nan 20.435552 47.980169 61.638068 43.711491 30.648692 129.586276 106.669286 164.690596
58 163.962387 nan 163.962387 73.732824 nan 18.229397 45.981111 58.796174 42.001559 32.057805 126.402402 99.783967 166.783878
59 184.434941 nan 184.434941 76.549179 nan 14.466506 45.507843 62.292099 41.416671 32.004491 126.555646 112.275450 178.675297
60 182.399396 nan 182.399396 69.179224 nan 11.058967 40.119096 51.934126 39.458338 31.338213 115.589041 91.166522 169.007889
61 174.074689 nan 174.074689 65.406406 nan 10.887440 38.146923 49.904915 37.972542 31.429489 111.798569 86.130254 162.158893
62 160.340296 nan 160.340296 60.496129 nan 10.959242 35.727685 40.521062 36.771744 30.578085 104.594378 71.292478 148.485089
63 164.361207 nan 164.361207 57.955196 nan 7.702887 32.829041 44.207893 38.070275 29.237801 102.876761 81.313853 150.948313
64 136.226748 nan 136.226748 42.809688 nan 6.752438 24.781063 28.619268 42.458282 26.775034 91.276413 43.054157 125.763195
65 86.838409 nan 86.838409 25.899849 nan 3.519542 14.709696 -2.897285 39.577346 19.576846 62.508002 8.539622 75.869663
66 11.482243 nan 11.482243 0.156750 nan -0.335945 -0.089598 -26.888411 15.910510 1.843459 5.678483 -9.609114 0.594466
67 -0.141266 nan -0.141266 -0.154724 nan -0.521721 -0.338222 -39.586259 -0.363648 -8.581059 -20.760648 -15.938576 -22.842047
68 -0.944901 nan -0.944901 -0.392912 nan -0.621950 -0.507431 -46.658726 -8.141127 -14.759973 -34.763962 -18.371997 -32.558630
69 -7.537170 nan -7.537170 -0.658491 nan -0.807983 -0.733237 -51.867071 -16.480331 -22.317812 -49.808764 -16.985976 -45.257573
70 -0.796906 nan -0.796906 -0.681442 nan -0.753429 -0.717436 -49.758285 -10.456129 -15.613997 -38.607633 -20.114534 -35.385295
71 -9.403847 nan -9.403847 -0.773982 nan -0.783673 -0.778828 -59.806962 -14.220478 -19.055028 -47.920277 -18.350857 -47.726346
72 -1.683127 nan -1.683127 -0.704629 nan -0.674482 -0.689555 -47.802037 -8.940438 -13.345176 -34.815733 -17.514664 -33.318831
73 -1.278560 nan -1.278560 -0.672507 nan -0.586252 -0.629379 -47.172586 -7.914149 -12.028835 -32.617306 -19.327175 -31.797243
74 -1.748811 nan -1.748811 -0.724635 nan -0.586641 -0.655638 -50.495577 -10.199426 -14.078931 -37.312166 -18.933293 -35.455027
75 -2.551095 nan -2.551095 -0.808471 nan -0.642813 -0.725642 -50.068683 -11.601773 -15.264113 -39.374014 -17.400335 -36.788816
76 -0.033914 nan -0.033914 -0.096700 nan 0.232733 0.068016 -17.681819 11.634688 7.872416 10.316129 -8.728301 -0.239158
77 -0.371874 nan -0.371874 42.216904 nan 30.269860 36.243382 9.456490 31.380624 22.673825 83.911276 10.408069 44.219146
78 0.782161 nan 0.782161 52.776216 nan 19.163532 35.969874 30.448137 36.120729 18.614972 91.119562 48.780325 54.979639
79 76.185016 nan 76.185016 75.618622 nan 14.966372 45.292497 52.245943 45.224401 19.790866 116.100445 89.429951 113.590162
80 186.912669 nan 186.912669 111.909424 nan 12.987246 62.448335 72.510197 56.766593 20.617956 150.131270 134.860535 194.572028
81 293.419675 nan 293.419675 137.238057 nan -0.514972 68.361542 72.052571 63.072173 14.774480 156.274467 173.326905 253.127665
82 381.119560 nan 381.119560 168.628847 nan -10.665793 78.981527 64.546604 65.146482 9.211849 161.544967 196.686924 299.066400
83 429.297684 nan 429.297684 193.064443 nan -17.030585 88.016929 62.996507 60.829102 5.486939 163.441086 198.019235 324.488348
84 443.689879 nan 443.689879 187.780791 nan -25.122543 81.329124 62.106019 49.062026 1.761235 143.690939 180.444408 321.923806
85 433.034795 nan 433.034795 148.850962 nan -32.678545 58.086208 57.675008 30.530231 -2.348342 100.326779 154.317141 293.676970
86 350.595018 nan 350.595018 11.802656 nan -11.309768 0.246444 0.454978 26.157505 -2.012717 20.295987 92.636175 194.004786
87 267.118344 nan 267.118344 0.342081 nan -2.812262 -1.235091 -14.794420 37.929368 1.907731 26.720402 59.464601 148.901135
88 207.516987 nan 207.516987 -0.230957 nan -1.940593 -1.085775 0.935679 57.291843 5.345402 50.846793 30.645176 134.811621
89 145.325715 nan 145.325715 0.432640 nan -1.274623 -0.420991 -20.295681 53.000570 5.354186 40.982703 12.557138 90.658297
90 67.794204 nan 67.794204 0.370597 nan -0.802578 -0.215991 -24.903072 32.609433 2.268898 20.320082 -4.259171 38.135351
91 -0.701766 nan -0.701766 -0.005595 nan -0.963162 -0.484378 -37.130928 7.281980 -13.163413 -17.572679 -8.305753 -20.752273
92 -1.521727 nan -1.521727 -0.134812 nan -1.026281 -0.580547 -41.450065 3.592628 -13.536757 -22.441114 -8.526222 -24.986852
93 -0.000001 nan -0.000001 -0.108791 nan -0.863848 -0.486319 -37.593358 4.244801 -10.454061 -17.997256 -10.644278 -20.743411
94 -1.152383 nan -1.152383 -0.114137 nan -0.796648 -0.455392 -39.976469 4.648654 -9.055942 -17.266828 -11.687436 -21.712674
95 -0.004391 nan -0.004391 5.185616 nan -3.394874 0.895371 -16.883879 19.077512 6.573572 16.470260 -7.075745 3.124049
96 -1.669647 nan -1.669647 9.167375 nan -1.500349 3.833513 -16.276550 20.207057 8.396668 22.042117 -8.094735 5.178100
97 -2.468476 nan -2.468476 5.657697 nan -1.725582 1.966058 -20.193887 16.992511 5.894024 14.171261 -9.314754 -0.390876
98 -2.860847 nan -2.860847 9.789398 nan 1.007064 5.398231 -14.181233 19.936836 9.477101 24.965355 -7.618150 6.637576
99 -2.456456 nan -2.456456 8.270909 nan 1.211509 4.741209 -15.625975 18.259905 8.420456 21.579098 -8.037672 4.702982
100 -0.347999 nan -0.347999 43.986373 nan 30.877184 37.431779 6.927337 33.076205 23.518714 86.359680 -0.508376 44.656927
101 -1.145262 nan -1.145262 33.647470 nan 11.464668 22.556069 6.139832 27.702849 14.502939 59.365180 15.205590 30.750073
102 34.878639 nan 34.878639 47.723865 nan 3.776179 25.750022 21.897749 35.041478 10.965566 70.886953 49.193959 60.232327
103 135.532775 nan 135.532775 71.368247 nan -2.391746 34.488251 38.662512 48.322987 9.808819 95.144963 96.533210 130.159902
104 256.065627 nan 256.065627 96.533620 nan -12.869823 41.831899 47.214686 58.661236 6.591995 111.177316 150.402223 203.822306
105 350.356654 nan 350.356654 129.451055 nan -18.977807 55.236624 49.965974 66.222723 6.015567 131.245975 189.065824 263.812382
106 393.910513 nan 393.910513 150.708852 nan -22.802682 63.953085 41.655038 66.006962 6.519674 137.460215 196.476741 286.929432
107 387.239329 nan 387.239329 155.024845 nan -25.235105 64.894870 33.988573 59.125243 7.038881 130.630765 178.316425 277.567833
108 410.234666 nan 410.234666 169.896092 nan -28.496393 70.699849 44.752108 50.893062 5.097789 131.599597 187.114098 293.240119
109 375.592872 nan 375.592872 143.204163 nan -30.865069 56.169547 31.607241 36.192858 3.487244 99.292898 137.167916 255.085776
110 332.652395 nan 332.652395 72.367912 nan -29.981627 21.193143 5.169448 33.287849 3.211986 52.979638 110.572579 202.011634
111 269.998522 nan 269.998522 1.956053 nan -3.195749 -0.619848 -19.668301 42.586345 3.922931 31.227918 69.437222 151.174726
112 189.040442 nan 189.040442 0.588004 nan -1.959178 -0.685587 -9.109171 57.313227 9.980517 51.773267 29.406400 122.493303
113 122.509272 nan 122.509272 0.665740 nan -1.212493 -0.273376 -26.796944 53.421479 9.299648 42.585703 8.210257 77.514232
114 41.135448 nan 41.135448 0.218390 nan -0.880867 -0.331239 -35.097144 30.499140 0.177396 13.381134 -6.150052 17.506204
115 -1.087762 nan -1.087762 -0.133829 nan -1.118748 -0.626289 -47.581751 3.356560 -17.473691 -27.947578 -11.413874 -29.450671
116 -1.266193 nan -1.266193 -0.376810 nan -1.270264 -0.823537 -53.496382 -2.730966 -20.422747 -37.542437 -12.915302 -36.240989
117 -1.264272 nan -1.264272 -0.391532 nan -1.180690 -0.786111 -52.541072 -1.877415 -17.629863 -34.184770 -13.203613 -34.239702
118 -1.331202 nan -1.331202 -0.392513 nan -1.079380 -0.735946 -51.228485 -1.015560 -15.398018 -31.152132 -13.254019 -32.329684
119 -1.388035 nan -1.388035 -0.404198 nan -0.997819 -0.701008 -49.941039 -0.641350 -13.961233 -29.200183 -12.924585 -30.970871
120 -1.442142 nan -1.442142 -0.424080 nan -0.934926 -0.679503 -48.793289 -0.503995 -12.943126 -27.847994 -12.317245 -29.958157
121 -1.479589 nan -1.479589 -0.445681 nan -0.882616 -0.664148 -48.041468 -0.370803 -12.046437 -26.735984 -12.129304 -29.180886
122 -1.427866 nan -1.427866 -0.436659 nan -0.805876 -0.621267 -46.782389 0.775716 -10.209537 -23.819160 -12.802710 -27.283901
123 -0.000741 nan -0.000741 -0.354840 nan -0.651010 -0.502925 -41.090269 2.986625 -7.186541 -17.510637 -12.960512 -21.576168
124 -1.062683 nan -1.062683 21.366028 nan 7.258720 14.312374 -5.535790 27.530037 17.099002 49.269563 -5.929381 22.317926
125 -0.168245 nan -0.168245 45.321467 nan 19.319038 32.320252 8.766478 35.286682 20.766298 81.407811 11.259035 42.964955
126 2.058764 nan 2.058764 49.053641 nan 4.829581 26.941611 19.278062 37.830341 13.033044 75.217388 39.543868 44.402813
127 75.842808 nan 75.842808 71.438578 nan -2.888406 34.275086 31.202910 47.884108 9.833083 92.130873 74.025989 95.079339
128 180.364344 nan 180.364344 105.065176 nan -8.459543 48.302817 40.853245 58.085579 8.300826 116.484989 105.582247 164.714913
129 283.578747 nan 283.578747 147.117205 nan -11.637067 67.740069 47.239591 66.050091 8.055163 144.389319 134.451308 234.290283
130 369.808250 nan 369.808250 185.917758 nan -13.911040 86.003359 44.754328 70.378453 8.546916 165.805914 150.891258 288.972796
131 378.772247 nan 378.772247 189.943350 nan -17.313375 86.314987 33.714250 62.963252 7.797247 155.748668 129.144039 285.134687
132 390.387984 nan 390.387984 206.767867 nan -20.011876 93.377996 48.373097 53.494948 7.155323 159.311658 130.997936 297.330730
133 376.466924 nan 376.466924 205.151706 nan -22.998474 91.076616 39.574207 37.948710 4.454435 139.070704 99.265772 277.110832
134 330.105693 nan 330.105693 158.315514 nan -28.174649 65.070432 11.130748 33.066191 2.295532 97.884188 74.805141 223.946673
135 274.603266 nan 274.603266 97.022623 nan -32.375133 32.323745 -13.412764 40.660200 -0.388133 61.093219 48.292691 169.649169
136 211.036991 nan 211.036991 23.940635 nan -18.788009 2.576313 -9.835002 56.437791 -1.883886 44.296015 25.516404 129.882047
137 152.696139 nan 152.696139 13.035285 nan -11.715398 0.659943 -35.368974 54.538291 -0.631171 33.428787 9.975254 85.987758
138 75.270178 nan 75.270178 3.884525 nan -3.845586 0.019470 -34.245357 35.098263 -1.191433 16.674982 -3.943726 37.303709
139 1.683460 nan 1.683460 0.287172 nan -1.147729 -0.430279 -40.851682 11.773213 -12.977973 -14.890800 -9.645040 -19.291587
140 -0.453718 nan -0.453718 0.251549 nan -1.043971 -0.396211 -39.761383 13.091134 -8.025707 -9.329556 -10.625153 -17.248579
141 -1.257999 nan -1.257999 0.476208 nan -0.715986 -0.119889 -33.382610 17.713948 -1.049906 2.608955 -11.422831 -9.640859
142 -2.474968 nan -2.474968 7.314411 nan -5.137282 1.088565 -28.363047 20.483121 3.379215 11.404869 -11.345923 -4.295748
143 -3.060435 nan -3.060435 12.955000 nan -3.128584 4.913208 -23.247710 23.552482 7.696884 23.004099 -11.214847 2.751131
144 -4.058350 nan -4.058350 14.058262 nan -0.273500 6.892381 -21.386453 24.052254 9.240499 27.280984 -10.997036 4.914265
145 -4.198144 nan -4.198144 11.487422 nan 0.195042 5.841232 -21.970290 22.014614 8.140107 23.451071 -10.585440 2.747743
146 -3.453581 nan -3.453581 8.004906 nan -0.507734 3.748586 -23.555877 19.078899 6.056050 16.698530 -10.195814 -0.717412
147 -3.109926 nan -3.109926 7.827733 nan 0.127701 3.977717 -21.962301 18.663534 6.394888 17.389943 -9.475811 0.298869
148 -0.265206 nan -0.265206 39.578298 nan 23.370574 31.474436 -3.550962 31.407063 19.489813 72.251765 -2.380926 34.483066
149 -0.162173 nan -0.162173 29.085645 nan 5.122150 17.103898 -2.095962 25.413678 10.683406 46.163265 17.531756 22.184668
150 4.187463 nan 4.187463 32.559790 nan -3.629989 14.464900 5.512351 27.247659 7.558815 44.968814 42.271215 26.288975
151 53.312295 nan 53.312295 42.755788 nan -8.943935 16.905926 18.365727 30.286804 8.775069 55.154413 71.185519 61.078009
152 113.341123 nan 113.341123 56.081524 nan -12.857061 21.612231 26.762077 33.337093 12.308692 68.055047 87.939917 101.507001
153 205.496353 nan 205.496353 96.836815 nan -15.378279 40.729268 46.987929 43.845214 15.698670 105.294424 127.385559 174.321523
154 301.413310 nan 301.413310 140.327765 nan -19.648944 60.339410 51.106659 52.224301 15.944830 133.371110 143.712304 239.457873
155 370.825711 nan 370.825711 167.088779 nan -29.850923 68.618928 46.870713 51.597313 10.897956 135.577901 155.587841 275.349476
156 408.386363 nan 408.386363 190.315854 nan -38.606623 75.854616 42.467910 43.015453 3.291533 128.020124 148.694776 289.584006
157 415.589324 nan 415.589324 197.291638 nan -43.437795 76.926922 35.016290 27.315408 -1.766058 109.527910 131.939303 281.621533
158 401.174724 nan 401.174724 195.283369 nan -25.009684 85.136843 20.804951 37.407169 10.891330 131.802073 100.346572 280.743746
159 279.853995 nan 279.853995 134.736833 nan -18.236169 58.250332 -0.664093 44.536453 14.218726 106.455998 51.234365 198.566291
160 200.757819 nan 200.757819 62.260546 nan -20.770299 20.745124 -3.139724 49.877364 9.810470 68.903320 29.537746 138.496859
161 143.592515 nan 143.592515 45.682749 nan -15.396359 15.143195 -14.565408 45.627957 9.763605 55.993798 13.201587 98.655262
162 77.107390 nan 77.107390 31.556126 nan -10.578464 10.488831 -20.087812 31.199096 7.896423 36.088057 -1.007893 52.172111
163 30.870251 nan 30.870251 19.382481 nan -7.999543 5.691469 -18.465850 22.114165 4.947165 21.907120 -5.810477 21.410800
164 20.945432 nan 20.945432 25.372337 nan -2.249784 11.561277 -10.797803 23.960535 9.224196 35.351614 -4.914640 25.229308
165 9.313896 nan 9.313896 22.074569 nan -0.272838 10.900865 -9.821457 22.386053 9.190905 33.687988 -3.607481 18.616610
166 7.602856 nan 7.602856 26.616323 nan 5.774968 16.195645 -5.767589 24.699287 12.604461 45.039090 -4.542562 24.573501
167 9.980353 nan 9.980353 34.788899 nan 16.233208 25.511054 2.436054 28.807717 17.577734 64.543916 -3.748165 37.968891
168 5.597741 nan 5.597741 32.082482 nan 17.763623 24.923052 2.528183 28.040258 17.538984 63.321829 -3.562675 35.100397
169 2.446220 nan 2.446220 30.382294 nan 18.948881 24.665587 2.722336 27.290804 17.425947 62.417526 -3.648675 33.058969
170 -0.513977 nan -0.513977 9.907203 nan 3.399474 6.653338 -10.935971 17.692111 8.548463 24.674920 -4.683321 8.681302
171 -0.500546 nan -0.500546 13.690227 nan 5.536199 9.613213 -3.956185 19.676555 11.056969 33.638803 -2.957792 15.305847
172 3.180408 nan 3.180408 38.846609 nan 28.809725 33.828167 14.123342 29.365152 21.059240 80.042778 6.611633 45.631306
173 13.093477 nan 13.093477 41.655654 nan 22.101667 31.878661 21.981265 28.560848 19.668520 78.874711 25.887069 52.717018
174 35.616462 nan 35.616462 43.357774 nan 6.058221 24.707997 22.375555 28.972623 12.424326 66.202918 40.660800 58.418876
175 104.244564 nan 104.244564 67.658125 nan 4.314350 35.986237 34.436272 39.324370 14.535215 91.728622 66.120030 110.689380
176 171.470238 nan 171.470238 91.182037 nan 1.457294 46.319666 44.670289 46.162817 16.214017 112.455613 86.045052 159.252651
177 233.247501 nan 233.247501 115.155365 nan -1.666812 56.744277 45.497366 51.248554 16.235449 127.362092 100.783487 199.096648
178 297.351613 nan 297.351613 148.091998 nan -2.340021 72.875989 53.831111 55.317847 16.953629 150.186912 123.509191 246.320552
179 348.563668 nan 348.563668 167.202207 nan -1.108001 83.047103 63.925512 56.987587 21.243027 168.597228 128.890245 285.284418
180 334.927441 nan 334.927441 161.424077 nan -0.446199 80.488939 60.045498 51.622661 23.694216 162.358507 108.055178 273.857215
181 306.699432 nan 306.699432 163.906085 nan -2.020940 80.942573 56.652556 41.176600 20.921107 150.798668 92.405031 252.140924
182 293.913617 nan 293.913617 154.564899 nan -2.992039 75.786430 40.643056 38.650891 18.621214 136.387524 73.052682 233.341431
183 253.649511 nan 253.649511 114.448663 nan -8.499453 52.974605 18.782826 44.064376 15.370737 108.151728 48.006383 191.883174
184 195.791029 nan 195.791029 53.303246 nan -13.107152 20.098047 12.096889 53.336737 12.064717 77.988330 27.980748 145.240620
185 130.174461 nan 130.174461 30.524416 nan -12.520263 9.002077 -14.247062 46.062471 7.975949 48.842403 11.627927 88.289141
186 67.098572 nan 67.098572 17.807292 nan -9.473641 4.166826 -20.266283 29.951201 4.604751 25.965813 -1.901515 41.933417
187 14.059776 nan 14.059776 0.605883 nan -0.830523 -0.112320 -28.774634 14.663069 -2.624832 0.323161 -7.431161 -1.359561
188 -1.478305 nan -1.478305 0.059642 nan -0.827556 -0.383957 -36.168615 5.267088 -9.148869 -15.506947 -8.785610 -19.814959
189 -1.776659 nan -1.776659 0.075371 nan -0.706861 -0.315745 -34.434711 6.208381 -6.541117 -11.942080 -8.934739 -17.626054
190 -1.797378 nan -1.797378 0.097316 nan -0.587856 -0.245270 -32.751923 6.991385 -4.596246 -9.068591 -8.910009 -15.659012
191 -1.805372 nan -1.805372 0.119859 nan -0.478290 -0.179216 -30.989706 7.774883 -2.929302 -6.401991 -9.084272 -13.765772
192 -1.806824 nan -1.806824 0.139546 nan -0.379340 -0.119897 -29.749424 8.362226 -1.618986 -4.369785 -9.329781 -12.352521
193 -1.750965 nan -1.750965 0.119786 nan -0.324605 -0.102409 -29.977756 7.835113 -1.522010 -4.782079 -9.626873 -12.603891
194 -1.716732 nan -1.716732 0.084281 nan -0.291047 -0.103383 -30.719198 7.068831 -1.731288 -5.831518 -10.032320 -13.348297
195 -1.712287 nan -1.712287 0.103235 nan -0.215578 -0.056171 -29.025699 7.781576 -0.510603 -3.632523 -9.795624 -11.706812
196 -0.904391 nan -0.904391 42.161484 nan 25.306816 33.734150 7.404585 27.869555 19.488454 75.206548 -3.436319 38.962442
197 -0.633378 nan -0.633378 32.955891 nan 9.267807 21.111849 3.304852 23.638172 11.117511 50.846155 13.025631 25.858831
198 4.648136 nan 4.648136 38.166448 nan -2.156519 18.004965 11.758413 26.842429 4.314684 47.560304 37.913196 29.664136
199 74.174539 nan 74.174539 56.898191 nan -10.807114 23.045539 17.274283 36.003795 0.966779 59.210610 66.386586 73.529862
200 173.940502 nan 173.940502 88.843485 nan -18.348629 35.247428 22.023245 46.302674 -0.296757 80.424804 95.242255 137.623847
201 273.587085 nan 273.587085 128.968444 nan -24.233329 52.367557 24.745774 54.556209 -0.381153 105.175276 117.988001 202.670294
202 358.911103 nan 358.911103 172.189512 nan -26.958398 72.615557 25.802555 59.025594 0.756729 130.393039 133.654341 259.841593
203 409.894454 nan 409.894454 205.782525 nan -28.658176 88.562175 29.594518 56.715812 0.621705 145.574804 136.322444 294.914690
204 427.674325 nan 427.674325 226.441737 nan -29.648324 98.396707 37.521401 47.913238 -0.141857 150.138417 124.673963 308.679009
205 414.708137 nan 414.708137 241.537150 nan -29.807193 105.864979 38.730095 32.254637 -1.626171 143.876382 104.188783 298.844202
206 372.263646 nan 372.263646 205.505154 nan -34.162308 85.671423 0.711379 28.814244 -2.870183 107.288412 78.043982 246.925259
207 310.318323 nan 310.318323 143.463022 nan -39.296610 52.083206 -32.400878 39.016158 -4.421762 69.913463 52.179671 186.337570
208 230.932086 nan 230.932086 58.923651 nan -29.998749 14.462451 -24.342229 54.207421 -2.664855 48.917677 23.161966 137.788241
209 146.497710 nan 146.497710 27.481310 nan -20.314731 3.583290 -49.059416 47.710041 -4.454770 23.059804 9.318555 73.151127
210 77.456104 nan 77.456104 17.260920 nan -13.678920 1.791000 -39.669718 31.292195 -3.643890 11.500135 -3.280942 34.086447
211 0.522312 nan 0.522312 0.383995 nan -1.068946 -0.342475 -43.201207 7.837991 -15.612736 -20.992388 -8.486086 -23.728919
212 -1.400265 nan -1.400265 0.087554 nan -1.131040 -0.521743 -50.798441 2.946661 -16.972647 -28.828361 -9.844513 -31.058859
213 -1.415310 nan -1.415310 0.058655 nan -0.995129 -0.468237 -48.090658 4.180145 -13.453067 -23.964818 -10.127351 -27.760336
214 -1.339225 nan -1.339225 0.052647 nan -0.863674 -0.405513 -46.252150 4.957810 -11.082740 -20.701494 -10.295049 -25.496147
215 -1.287057 nan -1.287057 0.055401 nan -0.745677 -0.345138 -43.743525 6.031421 -8.794061 -17.042982 -10.418812 -22.836572
216 -1.270555 nan -1.270555 0.068300 nan -0.633940 -0.282820 -41.738615 6.961881 -6.867705 -13.965185 -10.733487 -20.646450
217 -1.249380 nan -1.249380 0.056195 nan -0.554852 -0.249328 -41.075367 6.910302 -6.058811 -13.088880 -10.982367 -19.986210
218 -1.215802 nan -1.215802 0.019785 nan -0.506623 -0.243419 -41.491732 6.096431 -6.100108 -13.925042 -11.317648 -20.522372
219 -1.206603 nan -1.206603 0.057069 nan -0.403941 -0.173436 -38.339291 7.720055 -3.773108 -9.559784 -11.015791 -17.327553
220 -0.144976 nan -0.144976 47.773242 nan 26.299511 37.036377 -7.819566 32.448769 21.139293 78.624483 -4.682567 36.289409
221 -0.367735 nan -0.367735 41.885718 nan 11.448625 26.667171 -4.942411 29.455370 13.674323 60.584256 10.857379 28.222802
222 0.148908 nan 0.148908 41.820019 nan -4.477104 18.671457 -0.504170 30.476771 4.402746 47.252102 35.775226 23.342802
223 62.751429 nan 62.751429 58.638537 nan -14.574355 22.032091 4.153182 38.757551 -0.057292 55.297089 62.069308 61.539389
224 161.768789 nan 161.768789 89.777192 nan -23.140167 33.318513 9.306207 48.327538 -1.894176 74.655747 85.879092 124.452342
225 262.565065 nan 262.565065 129.798802 nan -29.401236 50.198783 13.687733 56.017935 -2.291597 98.991171 102.834751 190.409877
226 341.092995 nan 341.092995 170.929069 nan -32.437451 69.245809 16.590757 58.521569 -2.441677 120.934981 110.886929 242.967635
227 398.628768 nan 398.628768 206.422035 nan -32.484374 86.968830 24.215670 56.817128 -1.467428 140.569903 116.996755 284.862002
228 434.025737 nan 434.025737 236.888740 nan -28.356894 104.265923 38.633268 51.245484 0.697900 159.812646 118.995671 317.077857
229 398.032050 nan 398.032050 225.863735 nan -28.833627 98.515054 23.661563 36.042780 0.479865 136.416651 91.695643 281.900988
230 354.134685 nan 354.134685 198.696754 nan -28.674586 85.011084 1.810001 34.102092 1.866011 115.251828 73.571916 241.841023
231 304.122074 nan 304.122074 145.939944 nan -27.557283 59.191330 -28.490482 45.104201 4.766984 90.901488 48.719947 194.741777
232 213.028814 nan 213.028814 79.784713 nan -22.474825 28.654944 -25.682480 50.739468 6.645520 67.483512 28.976311 136.985208
233 139.654301 nan 139.654301 53.473252 nan -16.371049 18.551101 -21.649200 46.244741 5.954955 54.435730 12.018658 93.505125
234 74.610041 nan 74.610041 33.151669 nan -12.074528 10.538570 -24.319304 33.212157 3.197193 32.528923 -1.989488 47.747148
235 21.285518 nan 21.285518 14.767342 nan -9.071660 2.847841 -27.068977 20.080634 -1.493581 9.243002 -6.908469 7.389490
236 0.733719 nan 0.733719 0.432687 nan -0.591434 -0.079373 -27.991766 12.830649 -5.553867 -3.310080 -6.563899 -9.942195
237 -1.139602 nan -1.139602 0.435348 nan -0.563822 -0.064237 -34.663145 11.165602 -5.684732 -6.974447 -8.526848 -14.846504
238 -1.624737 nan -1.624737 0.443577 nan -0.454277 -0.005350 -32.631622 12.086659 -3.415119 -3.616155 -8.367584 -12.768141
239 -1.680117 nan -1.680117 4.372295 nan -3.587838 0.392228 -31.753690 12.562337 -1.843959 -1.242193 -8.898369 -11.332118
240 -1.530109 nan -1.530109 4.680773 nan -3.385304 0.647734 -30.989120 12.340975 -1.131569 -0.329938 -9.092791 -10.561909
241 -1.396025 nan -1.396025 1.304334 nan -1.267294 0.018520 -34.228689 9.747343 -2.904426 -5.625896 -9.778571 -14.163846
242 -1.346871 nan -1.346871 2.639781 nan -2.093704 0.273039 -32.498255 10.007126 -1.905970 -3.763895 -9.171333 -12.665389
243 -1.317217 nan -1.317217 3.318088 nan -1.980275 0.668906 -31.288022 9.988198 -1.238669 -2.434676 -8.727699 -11.613083
244 -0.166935 nan -0.166935 44.981173 nan 25.972371 35.476772 -7.248530 28.935844 17.929360 71.712315 -3.351607 32.991062
245 -0.198707 nan -0.198707 51.596995 nan 20.829144 36.213070 2.507035 31.150921 16.202665 76.067246 11.068875 38.177726
246 17.917756 nan 17.917756 61.683019 nan 10.005384 35.844202 14.377098 36.630712 11.993312 80.658650 38.047277 53.674534
247 102.550932 nan 102.550932 88.947797 nan 5.319933 47.133865 27.706052 49.020836 11.365647 106.036808 70.805553 114.641070
248 208.966316 nan 208.966316 127.418072 nan 3.282337 65.350205 40.577414 61.549547 11.766895 139.153014 105.560778 190.583038
249 311.634719 nan 311.634719 172.009046 nan 3.981108 87.995077 50.814058 71.437597 12.889428 174.247259 135.041094 264.613953
250 387.983943 nan 387.983943 200.160426 nan -3.765916 98.197255 47.945572 72.318854 10.081548 181.915907 156.589099 307.274470
251 427.851030 nan 427.851030 216.906346 nan -10.715525 103.095411 48.129699 66.059371 8.066084 180.054752 157.245175 327.102745
252 427.123959 nan 427.123959 235.624408 nan -11.596630 112.013889 51.475218 55.704612 7.586072 181.146393 141.025791 328.027012
253 401.652928 nan 401.652928 277.624775 nan -1.366971 138.128902 54.138472 43.388638 9.461312 199.534402 114.290035 324.029424
254 345.405405 nan 345.405405 291.179726 nan 12.827247 152.003486 23.874969 44.702705 15.145549 209.199839 75.584790 289.703352
255 268.981994 nan 268.981994 251.980578 nan 8.915116 130.447847 -0.916615 49.056455 14.465722 182.499109 49.151220 229.148250
256 196.413315 nan 196.413315 148.154183 nan -1.821797 73.166193 -8.826280 55.269321 9.786808 123.874120 27.837463 160.736932
257 136.904304 nan 136.904304 94.527234 nan -3.117848 45.704693 -21.863304 51.348921 7.748711 87.203850 10.203192 107.789567
258 81.278409 nan 81.278409 70.230397 nan 1.773880 36.002138 -14.189008 37.926470 8.252377 69.383933 -0.906925 72.288710
259 25.728387 nan 25.728387 35.158732 nan -3.457816 15.850458 -16.928805 23.349012 2.103743 31.247079 -4.346759 23.617432
260 -0.926723 nan -0.926723 0.367561 nan -0.517193 -0.074816 -32.862001 8.656508 -9.571582 -11.662625 -6.071450 -16.560883
261 -1.538524 nan -1.538524 0.282190 nan -0.500995 -0.109402 -31.663169 8.505109 -7.868223 -10.022903 -6.160562 -15.676468
262 -1.553744 nan -1.553744 0.263581 nan -0.427009 -0.081714 -31.609416 8.193779 -6.805993 -9.358621 -6.655293 -15.331122
263 -0.000804 nan -0.000804 0.266150 nan -0.301336 -0.017593 -25.850086 9.011309 -4.581138 -4.888359 -6.587163 -10.469243
264 -0.869511 nan -0.869511 5.526048 nan -2.652933 1.436557 -25.464361 11.504828 -1.493398 1.292892 -7.544744 -7.709774
265 -1.460257 nan -1.460257 8.029869 nan -0.989296 3.520287 -22.440790 13.116557 0.889232 7.665457 -7.156139 -3.912714
266 -1.288765 nan -1.288765 10.893593 nan 1.872642 6.383118 -18.277837 15.058822 3.567455 15.708784 -6.621392 1.459718
267 -1.519463 nan -1.519463 15.936856 nan 7.076379 11.506618 -12.523850 18.426208 7.581080 28.812455 -6.033135 9.612925
268 -0.012219 nan -0.012219 45.239306 nan 32.960682 39.099994 4.166533 28.453875 18.022350 78.778158 -1.293929 40.073980
269 -0.272151 nan -0.272151 40.562237 nan 17.700052 29.131145 5.195531 25.543956 11.689172 61.530601 11.359750 31.807134
270 39.364494 nan 39.364494 71.004623 nan 24.849596 47.927110 30.648723 38.749327 18.263590 105.019753 44.947510 81.926092
271 110.477716 nan 110.477716 91.730825 nan 18.249390 54.990107 39.862061 48.027662 17.016341 121.739141 70.936784 130.276645
272 180.750462 nan 180.750462 111.172796 nan 9.994251 60.583523 42.014111 54.134579 14.748993 131.206503 94.835131 172.367102
273 255.366789 nan 255.366789 109.768402 nan -7.383104 51.192649 27.788547 53.411636 9.155606 111.920117 122.199766 197.535849
274 314.020703 nan 314.020703 134.406238 nan -11.823858 61.291190 29.857943 54.434508 9.850231 124.116396 144.029734 234.761364
275 348.450053 nan 348.450053 165.253377 nan -13.013812 76.119783 38.266617 53.605276 11.642397 142.510705 150.448437 264.261683
276 384.719503 nan 384.719503 203.471007 nan -16.339519 93.565744 42.575053 46.944906 7.763508 152.690829 153.180505 289.201236
277 440.763819 nan 440.763819 269.151576 nan 2.859259 136.005417 52.512048 43.668264 14.639227 201.372705 139.145418 345.005605
278 325.309128 nan 325.309128 313.081153 nan 37.534032 175.307593 30.029073 48.542202 24.533949 245.434884 76.806527 298.757285
279 271.407773 nan 271.407773 364.065090 nan 75.165430 219.615260 30.227686 59.581787 27.115914 301.034581 58.871290 297.446604
280 217.018242 nan 217.018242 239.993882 nan 61.065025 150.529453 16.752998 68.001435 25.230544 232.891963 32.654786 232.372176
281 132.147364 nan 132.147364 169.261880 nan 54.165922 111.713901 -2.118746 51.892477 22.871244 172.633865 10.678579 152.717242
282 58.477500 nan 58.477500 98.298234 nan 32.538769 65.418502 -15.789776 34.342840 14.206499 100.226272 -3.259084 74.596393
283 -0.363237 nan -0.363237 11.692749 nan -4.331473 3.680638 -34.075876 8.329048 -7.406629 -6.792932 -9.267818 -14.285324
284 -0.863508 nan -0.863508 0.159685 nan -0.389649 -0.114982 -36.952327 4.326115 -9.624704 -16.664037 -8.807347 -20.331744
285 -1.146608 nan -1.146608 0.142503 nan -0.330377 -0.093937 -35.452790 4.904726 -7.788262 -14.158211 -8.944619 -18.743958
286 -1.412144 nan -1.412144 1.546157 nan -1.371289 0.087434 -30.957203 7.466095 -4.260939 -7.476625 -9.208097 -14.104455
287 -1.465674 nan -1.465674 3.845504 nan -1.586924 1.129290 -30.546191 7.770882 -3.159166 -5.140018 -10.347377 -12.851142
288 -1.454314 nan -1.454314 2.489825 nan -1.265461 0.612182 -32.486525 6.173633 -4.068848 -8.362949 -11.252532 -15.066041
289 -1.456193 nan -1.456193 4.191614 nan -0.269133 1.961240 -28.879317 8.041883 -1.589653 -2.241642 -10.501487 -10.884743
290 -1.438753 nan -1.438753 4.404058 nan 0.644817 2.524437 -28.503280 7.932238 -1.136709 -1.271537 -10.459547 -10.284333
291 -1.497650 nan -1.497650 10.091588 nan 5.758369 7.924978 -19.200870 12.797603 4.241758 15.638451 -7.731499 0.980512
292 -0.168250 nan -0.168250 50.124305 nan 43.672158 46.898232 4.276183 29.359400 21.021411 89.830609 -2.948899 45.395349
293 -0.221932 nan -0.221932 49.620704 nan 32.223212 40.921958 7.495693 28.524203 17.563346 81.377309 9.996017 42.255586
294 4.379276 nan 4.379276 52.901089 nan 25.844595 39.372842 15.791171 29.732722 17.733698 83.699398 25.757628 48.456368
295 39.457815 nan 39.457815 63.118485 nan 22.180446 42.649466 26.928403 32.460667 19.592573 94.427983 45.825123 75.610611
296 107.143572 nan 107.143572 88.664089 nan 20.888407 54.776248 46.058011 39.994386 22.614049 121.560566 78.600076 130.360992
297 165.706956 nan 165.706956 102.755759 nan 15.042942 58.899350 50.535652 42.841851 24.172906 130.791398 88.400217 166.965766
298 228.697358 nan 228.697358 132.553021 nan 9.106884 70.829953 57.598673 45.921563 23.397020 146.949226 112.391824 209.959305
299 299.287475 nan 299.287475 164.749261 nan 9.142773 86.946017 62.708464 49.844701 24.818442 169.154695 118.996401 259.268884
300 334.583156 nan 334.583156 162.413133 nan -0.364450 81.024342 55.682290 45.142620 22.386573 155.037069 127.664729 268.591385
301 273.841421 nan 273.841421 158.413732 nan 7.765142 83.089437 30.835978 39.308777 23.866160 145.322399 71.055334 224.111779
302 202.853103 nan 202.853103 149.467655 nan 17.489664 83.478660 26.655785 37.763903 25.328272 144.265326 58.894354 185.104287
303 218.554074 nan 218.554074 165.556452 nan 22.265853 93.911152 27.577168 45.237989 23.759399 159.868505 56.899880 201.207516
304 179.030420 nan 179.030420 112.962739 nan 17.775974 65.369356 17.845636 54.207886 21.321590 133.502101 25.759421 165.015520
305 130.874245 nan 130.874245 92.112407 nan 22.742733 57.427570 4.446684 52.008404 21.377102 119.376070 8.444162 128.737288
306 57.102691 nan 57.102691 50.757613 nan 9.763618 30.260616 -7.165895 32.583161 11.941760 64.594596 -2.606561 59.549122
307 18.718145 nan 18.718145 28.553990 nan 4.094599 16.324294 -9.775161 20.133540 6.653718 35.179124 -5.724219 24.140137
308 -0.254003 nan -0.254003 0.654654 nan -0.654310 0.000172 -24.344750 6.183153 -4.788763 -6.876347 -6.836807 -11.147674
309 -1.176590 nan -1.176590 0.162084 nan -0.312678 -0.075297 -29.030695 3.875263 -5.843045 -11.267653 -8.447663 -15.307470
310 -1.645491 nan -1.645491 0.157526 nan -0.256727 -0.049601 -27.719800 4.210800 -4.594191 -9.503977 -8.122830 -14.252544
311 -1.568985 nan -1.568985 0.120931 nan -0.225222 -0.052146 -30.082417 2.882956 -5.221392 -11.896708 -9.401708 -16.158212
312 -1.730123 nan -1.730123 4.681443 nan -0.610196 2.035624 -20.841298 7.970982 0.421143 2.081453 -7.286331 -6.350569
313 -1.849949 nan -1.849949 6.674726 nan 1.464093 4.069409 -19.054164 9.104598 2.034250 6.968186 -7.071624 -3.442407
314 -1.746636 nan -1.746636 12.594415 nan 6.946300 9.770358 -10.403880 13.563701 6.921608 23.224003 -5.144312 7.363929
315 -0.000186 nan -0.000186 42.730321 nan 37.386984 40.058653 8.149971 25.304291 19.211574 79.434356 -2.267259 41.613798
316 -0.156791 nan -0.156791 45.575844 nan 42.041306 43.808575 15.659939 27.396987 21.418224 89.203509 4.127923 48.697238
317 5.396365 nan 5.396365 47.095963 nan 34.686933 40.891448 21.249030 26.603105 20.274993 86.532418 19.240710 52.066324
318 32.562769 nan 32.562769 54.596126 nan 27.973934 41.285030 29.873788 28.808966 20.331417 91.633847 36.366081 71.533822
319 82.908612 nan 82.908612 71.124058 nan 17.501393 44.312726 36.999003 34.912650 17.260641 99.510164 61.143225 104.000481
320 161.415145 nan 161.415145 98.026169 nan 11.960235 54.993202 44.014986 44.116543 16.232820 119.242124 82.934947 156.959208
321 245.753457 nan 245.753457 135.898785 nan 8.155704 72.027244 49.814529 52.474157 14.651104 143.772633 110.056013 214.832293
322 332.833110 nan 332.833110 178.200859 nan 7.704689 92.952774 54.682109 58.560473 15.670643 172.159334 130.466705 275.688872
323 380.072497 nan 380.072497 206.219160 nan 6.750715 106.484938 54.653524 57.796266 15.814859 185.171092 131.191337 306.595496
324 378.682531 nan 378.682531 207.112916 nan 5.134118 106.123517 51.210158 50.629562 15.984936 177.908045 113.987664 301.124489
325 357.881495 nan 357.881495 218.530086 nan 5.392376 111.961231 50.453618 38.379739 14.208688 171.936403 100.959017 286.779974
326 339.738536 nan 339.738536 220.241615 nan 6.210397 113.226006 32.521149 36.091768 12.231908 163.774470 81.324425 267.553606
327 282.770683 nan 282.770683 168.775497 nan -4.343366 82.216065 3.561216 42.814138 8.153158 125.396106 45.511763 210.262747
328 208.490077 nan 208.490077 83.488156 nan -12.147614 35.670271 0.290076 52.431570 6.419142 84.269234 23.833079 150.939561
329 141.222531 nan 141.222531 49.544967 nan -12.181738 18.681615 -24.438567 47.393107 3.885191 52.887278 6.848872 92.673478
330 62.657282 nan 62.657282 19.548048 nan -10.896180 4.325934 -31.368753 26.751302 -2.684169 13.820135 -3.724417 30.001059
331 -0.581731 nan -0.581731 0.217176 nan -0.866804 -0.324814 -40.937513 1.376665 -17.629759 -27.216104 -7.268597 -26.771164
332 -0.360298 nan -0.360298 -0.003459 nan -0.902626 -0.453043 -42.599915 -1.837668 -17.489281 -30.425775 -7.274547 -28.795837
333 -0.979208 nan -0.979208 -0.012579 nan -0.812475 -0.412527 -42.677139 -1.243249 -15.041919 -27.903755 -7.608608 -27.863318
334 -1.322073 nan -1.322073 -0.050864 nan -0.752021 -0.401442 -42.992015 -1.788492 -14.270203 -27.809822 -8.430720 -28.092710
335 -1.342014 nan -1.342014 -0.072925 nan -0.691924 -0.382425 -41.576993 -1.607843 -13.095378 -26.207165 -8.127535 -26.852179
