#### 	 Vertical City Weather Generator (VCWG)  	 #### 
# Water leakage from roof and ground 
# 0:time [hr] 1:LkRoofImp [mm s^-1] 2:LkRoofVeg [mm s^-1] 3:LkRoof [mm s^-1] 4:LkGroundImp [mm s^-1] 5:LkGroundBare [mm s^-1] 6:LkGroundVeg [mm s^-1] 7:LkGround [mm s^-1] 
0 0.000000 nan 0.000000 0.000005 nan 0.000005 0.000005 
1 0.000000 nan 0.000000 0.000005 nan 0.000005 0.000005 
2 0.000000 nan 0.000000 0.000005 nan 0.000005 0.000005 
3 0.000000 nan 0.000000 0.000005 nan 0.000005 0.000005 
4 0.000000 nan 0.000000 0.000005 nan 0.000005 0.000005 
5 0.000000 nan 0.000000 0.000005 nan 0.000005 0.000005 
6 0.000000 nan 0.000000 0.000005 nan 0.000005 0.000005 
7 0.000000 nan 0.000000 0.000005 nan 0.000005 0.000005 
8 0.000000 nan 0.000000 0.000005 nan 0.000005 0.000005 
9 0.000000 nan 0.000000 0.000005 nan 0.000005 0.000005 
10 0.000000 nan 0.000000 0.000005 nan 0.000005 0.000005 
11 0.000000 nan 0.000000 0.000005 nan 0.000005 0.000005 
12 0.000000 nan 0.000000 0.000005 nan 0.000005 0.000005 
13 0.000000 nan 0.000000 0.000005 nan 0.000005 0.000005 
14 0.000000 nan 0.000000 0.000005 nan 0.000005 0.000005 
15 0.000000 nan 0.000000 0.000005 nan 0.000005 0.000005 
16 0.000000 nan 0.000000 0.000005 nan 0.000005 0.000005 
17 0.000000 nan 0.000000 0.000005 nan 0.000005 0.000005 
18 0.000000 nan 0.000000 0.000005 nan 0.000005 0.000005 
19 0.000000 nan 0.000000 0.000005 nan 0.000005 0.000005 
20 0.000000 nan 0.000000 0.000005 nan 0.000005 0.000005 
21 0.000000 nan 0.000000 0.000005 nan 0.000005 0.000005 
22 0.000000 nan 0.000000 0.000005 nan 0.000005 0.000005 
23 0.000000 nan 0.000000 0.000005 nan 0.000005 0.000005 
24 0.000000 nan 0.000000 0.000005 nan 0.000005 0.000005 
25 0.000000 nan 0.000000 0.000005 nan 0.000005 0.000005 
26 0.000000 nan 0.000000 0.000005 nan 0.000005 0.000005 
27 0.000000 nan 0.000000 0.000005 nan 0.000005 0.000005 
28 0.000000 nan 0.000000 0.000005 nan 0.000005 0.000005 
29 0.000000 nan 0.000000 0.000005 nan 0.000005 0.000005 
30 0.000000 nan 0.000000 0.000005 nan 0.000005 0.000005 
31 0.000000 nan 0.000000 0.000005 nan 0.000005 0.000005 
32 0.000000 nan 0.000000 0.000005 nan 0.000005 0.000005 
33 0.000000 nan 0.000000 0.000005 nan 0.000005 0.000005 
34 0.000000 nan 0.000000 0.000005 nan 0.000005 0.000005 
35 0.000000 nan 0.000000 0.000005 nan 0.000005 0.000005 
36 0.000000 nan 0.000000 0.000005 nan 0.000005 0.000005 
37 0.000000 nan 0.000000 0.000005 nan 0.000005 0.000005 
38 0.000000 nan 0.000000 0.000005 nan 0.000005 0.000005 
39 0.000000 nan 0.000000 0.000005 nan 0.000005 0.000005 
40 0.000000 nan 0.000000 0.000005 nan 0.000005 0.000005 
41 0.000000 nan 0.000000 0.000005 nan 0.000005 0.000005 
42 0.000000 nan 0.000000 0.000005 nan 0.000005 0.000005 
43 0.000000 nan 0.000000 0.000005 nan 0.000005 0.000005 
44 0.000000 nan 0.000000 0.000005 nan 0.000005 0.000005 
45 0.000000 nan 0.000000 0.000005 nan 0.000005 0.000005 
46 0.000000 nan 0.000000 0.000005 nan 0.000005 0.000005 
47 0.000000 nan 0.000000 0.000005 nan 0.000005 0.000005 
48 0.000000 nan 0.000000 0.000005 nan 0.000005 0.000005 
49 0.000000 nan 0.000000 0.000005 nan 0.000005 0.000005 
50 0.000000 nan 0.000000 0.000005 nan 0.000005 0.000005 
51 0.000000 nan 0.000000 0.000005 nan 0.000005 0.000005 
52 0.000000 nan 0.000000 0.000005 nan 0.000005 0.000005 
53 0.000000 nan 0.000000 0.000005 nan 0.000005 0.000005 
54 0.000000 nan 0.000000 0.000005 nan 0.000005 0.000005 
55 0.000000 nan 0.000000 0.000005 nan 0.000005 0.000005 
56 0.000000 nan 0.000000 0.000005 nan 0.000005 0.000005 
57 0.000000 nan 0.000000 0.000005 nan 0.000005 0.000005 
58 0.000000 nan 0.000000 0.000005 nan 0.000005 0.000005 
59 0.000000 nan 0.000000 0.000005 nan 0.000005 0.000005 
60 0.000000 nan 0.000000 0.000005 nan 0.000005 0.000005 
61 0.000000 nan 0.000000 0.000005 nan 0.000005 0.000005 
62 0.000000 nan 0.000000 0.000005 nan 0.000005 0.000005 
63 0.000000 nan 0.000000 0.000005 nan 0.000005 0.000005 
64 0.000000 nan 0.000000 0.000005 nan 0.000005 0.000005 
65 0.000000 nan 0.000000 0.000005 nan 0.000005 0.000005 
66 0.000000 nan 0.000000 0.000005 nan 0.000005 0.000005 
67 0.000000 nan 0.000000 0.000005 nan 0.000005 0.000005 
68 0.000000 nan 0.000000 0.000005 nan 0.000005 0.000005 
69 0.000000 nan 0.000000 0.000005 nan 0.000005 0.000005 
70 0.000000 nan 0.000000 0.000005 nan 0.000005 0.000005 
71 0.000000 nan 0.000000 0.000005 nan 0.000005 0.000005 
72 0.000000 nan 0.000000 0.000005 nan 0.000005 0.000005 
73 0.000000 nan 0.000000 0.000005 nan 0.000005 0.000005 
74 0.000000 nan 0.000000 0.000005 nan 0.000005 0.000005 
75 0.000000 nan 0.000000 0.000005 nan 0.000005 0.000005 
76 0.000000 nan 0.000000 0.000005 nan 0.000005 0.000005 
77 0.000000 nan 0.000000 0.000005 nan 0.000005 0.000005 
78 0.000000 nan 0.000000 0.000005 nan 0.000005 0.000005 
79 0.000000 nan 0.000000 0.000005 nan 0.000005 0.000005 
80 0.000000 nan 0.000000 0.000005 nan 0.000005 0.000005 
81 0.000000 nan 0.000000 0.000005 nan 0.000005 0.000005 
82 0.000000 nan 0.000000 0.000005 nan 0.000005 0.000005 
83 0.000000 nan 0.000000 0.000005 nan 0.000005 0.000005 
84 0.000000 nan 0.000000 0.000005 nan 0.000005 0.000005 
85 0.000000 nan 0.000000 0.000005 nan 0.000005 0.000005 
86 0.000000 nan 0.000000 0.000005 nan 0.000005 0.000005 
87 0.000000 nan 0.000000 0.000005 nan 0.000005 0.000005 
88 0.000000 nan 0.000000 0.000005 nan 0.000005 0.000005 
89 0.000000 nan 0.000000 0.000005 nan 0.000005 0.000005 
90 0.000000 nan 0.000000 0.000005 nan 0.000005 0.000005 
91 0.000000 nan 0.000000 0.000005 nan 0.000005 0.000005 
92 0.000000 nan 0.000000 0.000005 nan 0.000005 0.000005 
93 0.000000 nan 0.000000 0.000005 nan 0.000005 0.000005 
94 0.000000 nan 0.000000 0.000005 nan 0.000005 0.000005 
95 0.000000 nan 0.000000 0.000005 nan 0.000005 0.000005 
96 0.000000 nan 0.000000 0.000005 nan 0.000005 0.000005 
97 0.000000 nan 0.000000 0.000005 nan 0.000005 0.000005 
98 0.000000 nan 0.000000 0.000005 nan 0.000005 0.000005 
99 0.000000 nan 0.000000 0.000005 nan 0.000005 0.000005 
100 0.000000 nan 0.000000 0.000005 nan 0.000005 0.000005 
101 0.000000 nan 0.000000 0.000005 nan 0.000005 0.000005 
102 0.000000 nan 0.000000 0.000005 nan 0.000005 0.000005 
103 0.000000 nan 0.000000 0.000005 nan 0.000005 0.000005 
104 0.000000 nan 0.000000 0.000005 nan 0.000005 0.000005 
105 0.000000 nan 0.000000 0.000005 nan 0.000005 0.000005 
106 0.000000 nan 0.000000 0.000005 nan 0.000005 0.000005 
107 0.000000 nan 0.000000 0.000005 nan 0.000005 0.000005 
108 0.000000 nan 0.000000 0.000005 nan 0.000005 0.000005 
109 0.000000 nan 0.000000 0.000005 nan 0.000005 0.000005 
110 0.000000 nan 0.000000 0.000005 nan 0.000005 0.000005 
111 0.000000 nan 0.000000 0.000005 nan 0.000005 0.000005 
112 0.000000 nan 0.000000 0.000005 nan 0.000005 0.000005 
113 0.000000 nan 0.000000 0.000005 nan 0.000005 0.000005 
114 0.000000 nan 0.000000 0.000005 nan 0.000005 0.000005 
115 0.000000 nan 0.000000 0.000005 nan 0.000005 0.000005 
116 0.000000 nan 0.000000 0.000005 nan 0.000005 0.000005 
117 0.000000 nan 0.000000 0.000005 nan 0.000005 0.000005 
118 0.000000 nan 0.000000 0.000005 nan 0.000005 0.000005 
119 0.000000 nan 0.000000 0.000005 nan 0.000005 0.000005 
120 0.000000 nan 0.000000 0.000005 nan 0.000005 0.000005 
121 0.000000 nan 0.000000 0.000005 nan 0.000005 0.000005 
122 0.000000 nan 0.000000 0.000005 nan 0.000005 0.000005 
123 0.000000 nan 0.000000 0.000005 nan 0.000005 0.000005 
124 0.000000 nan 0.000000 0.000005 nan 0.000005 0.000005 
125 0.000000 nan 0.000000 0.000005 nan 0.000005 0.000005 
126 0.000000 nan 0.000000 0.000005 nan 0.000005 0.000005 
127 0.000000 nan 0.000000 0.000005 nan 0.000005 0.000005 
128 0.000000 nan 0.000000 0.000005 nan 0.000005 0.000005 
129 0.000000 nan 0.000000 0.000005 nan 0.000005 0.000005 
130 0.000000 nan 0.000000 0.000005 nan 0.000005 0.000005 
131 0.000000 nan 0.000000 0.000005 nan 0.000005 0.000005 
132 0.000000 nan 0.000000 0.000005 nan 0.000005 0.000005 
133 0.000000 nan 0.000000 0.000005 nan 0.000005 0.000005 
134 0.000000 nan 0.000000 0.000005 nan 0.000005 0.000005 
135 0.000000 nan 0.000000 0.000005 nan 0.000005 0.000005 
136 0.000000 nan 0.000000 0.000005 nan 0.000005 0.000005 
137 0.000000 nan 0.000000 0.000005 nan 0.000005 0.000005 
138 0.000000 nan 0.000000 0.000005 nan 0.000005 0.000005 
139 0.000000 nan 0.000000 0.000005 nan 0.000005 0.000005 
140 0.000000 nan 0.000000 0.000005 nan 0.000005 0.000005 
141 0.000000 nan 0.000000 0.000005 nan 0.000005 0.000005 
142 0.000000 nan 0.000000 0.000005 nan 0.000005 0.000005 
143 0.000000 nan 0.000000 0.000005 nan 0.000005 0.000005 
144 0.000000 nan 0.000000 0.000005 nan 0.000005 0.000005 
145 0.000000 nan 0.000000 0.000005 nan 0.000005 0.000005 
146 0.000000 nan 0.000000 0.000005 nan 0.000005 0.000005 
147 0.000000 nan 0.000000 0.000005 nan 0.000005 0.000005 
148 0.000000 nan 0.000000 0.000005 nan 0.000005 0.000005 
149 0.000000 nan 0.000000 0.000005 nan 0.000005 0.000005 
150 0.000000 nan 0.000000 0.000005 nan 0.000005 0.000005 
151 0.000000 nan 0.000000 0.000005 nan 0.000005 0.000005 
152 0.000000 nan 0.000000 0.000005 nan 0.000005 0.000005 
153 0.000000 nan 0.000000 0.000005 nan 0.000005 0.000005 
154 0.000000 nan 0.000000 0.000005 nan 0.000005 0.000005 
155 0.000000 nan 0.000000 0.000005 nan 0.000005 0.000005 
156 0.000000 nan 0.000000 0.000005 nan 0.000005 0.000005 
157 0.000000 nan 0.000000 0.000005 nan 0.000005 0.000005 
158 0.000000 nan 0.000000 0.000005 nan 0.000005 0.000005 
159 0.000000 nan 0.000000 0.000005 nan 0.000005 0.000005 
160 0.000000 nan 0.000000 0.000005 nan 0.000005 0.000005 
161 0.000000 nan 0.000000 0.000005 nan 0.000005 0.000005 
162 0.000000 nan 0.000000 0.000005 nan 0.000005 0.000005 
163 0.000000 nan 0.000000 0.000005 nan 0.000005 0.000005 
164 0.000000 nan 0.000000 0.000005 nan 0.000005 0.000005 
165 0.000000 nan 0.000000 0.000005 nan 0.000005 0.000005 
166 0.000000 nan 0.000000 0.000005 nan 0.000005 0.000005 
167 0.000000 nan 0.000000 0.000005 nan 0.000005 0.000005 
168 0.000000 nan 0.000000 0.000005 nan 0.000005 0.000005 
169 0.000000 nan 0.000000 0.000005 nan 0.000005 0.000005 
170 0.000000 nan 0.000000 0.000005 nan 0.000005 0.000005 
171 0.000000 nan 0.000000 0.000005 nan 0.000005 0.000005 
172 0.000000 nan 0.000000 0.000005 nan 0.000005 0.000005 
173 0.000000 nan 0.000000 0.000005 nan 0.000005 0.000005 
174 0.000000 nan 0.000000 0.000005 nan 0.000005 0.000005 
175 0.000000 nan 0.000000 0.000005 nan 0.000005 0.000005 
176 0.000000 nan 0.000000 0.000005 nan 0.000005 0.000005 
177 0.000000 nan 0.000000 0.000005 nan 0.000005 0.000005 
178 0.000000 nan 0.000000 0.000005 nan 0.000005 0.000005 
179 0.000000 nan 0.000000 0.000005 nan 0.000005 0.000005 
180 0.000000 nan 0.000000 0.000005 nan 0.000005 0.000005 
181 0.000000 nan 0.000000 0.000005 nan 0.000005 0.000005 
182 0.000000 nan 0.000000 0.000005 nan 0.000005 0.000005 
183 0.000000 nan 0.000000 0.000005 nan 0.000004 0.000005 
184 0.000000 nan 0.000000 0.000005 nan 0.000004 0.000005 
185 0.000000 nan 0.000000 0.000005 nan 0.000004 0.000005 
186 0.000000 nan 0.000000 0.000005 nan 0.000004 0.000005 
187 0.000000 nan 0.000000 0.000005 nan 0.000004 0.000005 
188 0.000000 nan 0.000000 0.000005 nan 0.000004 0.000005 
189 0.000000 nan 0.000000 0.000005 nan 0.000004 0.000005 
190 0.000000 nan 0.000000 0.000005 nan 0.000004 0.000004 
191 0.000000 nan 0.000000 0.000004 nan 0.000004 0.000004 
192 0.000000 nan 0.000000 0.000004 nan 0.000004 0.000004 
193 0.000000 nan 0.000000 0.000004 nan 0.000004 0.000004 
194 0.000000 nan 0.000000 0.000004 nan 0.000004 0.000004 
195 0.000000 nan 0.000000 0.000004 nan 0.000004 0.000004 
196 0.000000 nan 0.000000 0.000004 nan 0.000004 0.000004 
197 0.000000 nan 0.000000 0.000004 nan 0.000004 0.000004 
198 0.000000 nan 0.000000 0.000004 nan 0.000004 0.000004 
199 0.000000 nan 0.000000 0.000004 nan 0.000004 0.000004 
200 0.000000 nan 0.000000 0.000004 nan 0.000004 0.000004 
201 0.000000 nan 0.000000 0.000004 nan 0.000004 0.000004 
202 0.000000 nan 0.000000 0.000004 nan 0.000004 0.000004 
203 0.000000 nan 0.000000 0.000004 nan 0.000004 0.000004 
204 0.000000 nan 0.000000 0.000004 nan 0.000004 0.000004 
205 0.000000 nan 0.000000 0.000004 nan 0.000004 0.000004 
206 0.000000 nan 0.000000 0.000004 nan 0.000004 0.000004 
207 0.000000 nan 0.000000 0.000004 nan 0.000004 0.000004 
208 0.000000 nan 0.000000 0.000004 nan 0.000004 0.000004 
209 0.000000 nan 0.000000 0.000004 nan 0.000004 0.000004 
210 0.000000 nan 0.000000 0.000004 nan 0.000004 0.000004 
211 0.000000 nan 0.000000 0.000004 nan 0.000004 0.000004 
212 0.000000 nan 0.000000 0.000004 nan 0.000004 0.000004 
213 0.000000 nan 0.000000 0.000004 nan 0.000004 0.000004 
214 0.000000 nan 0.000000 0.000004 nan 0.000004 0.000004 
215 0.000000 nan 0.000000 0.000004 nan 0.000004 0.000004 
216 0.000000 nan 0.000000 0.000004 nan 0.000004 0.000004 
217 0.000000 nan 0.000000 0.000004 nan 0.000004 0.000004 
218 0.000000 nan 0.000000 0.000004 nan 0.000004 0.000004 
219 0.000000 nan 0.000000 0.000004 nan 0.000004 0.000004 
220 0.000000 nan 0.000000 0.000004 nan 0.000004 0.000004 
221 0.000000 nan 0.000000 0.000004 nan 0.000004 0.000004 
222 0.000000 nan 0.000000 0.000004 nan 0.000004 0.000004 
223 0.000000 nan 0.000000 0.000004 nan 0.000004 0.000004 
224 0.000000 nan 0.000000 0.000004 nan 0.000004 0.000004 
225 0.000000 nan 0.000000 0.000004 nan 0.000004 0.000004 
226 0.000000 nan 0.000000 0.000004 nan 0.000004 0.000004 
227 0.000000 nan 0.000000 0.000004 nan 0.000004 0.000004 
228 0.000000 nan 0.000000 0.000004 nan 0.000004 0.000004 
229 0.000000 nan 0.000000 0.000004 nan 0.000004 0.000004 
230 0.000000 nan 0.000000 0.000004 nan 0.000004 0.000004 
231 0.000000 nan 0.000000 0.000004 nan 0.000004 0.000004 
232 0.000000 nan 0.000000 0.000004 nan 0.000004 0.000004 
233 0.000000 nan 0.000000 0.000004 nan 0.000004 0.000004 
234 0.000000 nan 0.000000 0.000004 nan 0.000004 0.000004 
235 0.000000 nan 0.000000 0.000004 nan 0.000004 0.000004 
236 0.000000 nan 0.000000 0.000004 nan 0.000004 0.000004 
237 0.000000 nan 0.000000 0.000004 nan 0.000004 0.000004 
238 0.000000 nan 0.000000 0.000004 nan 0.000004 0.000004 
239 0.000000 nan 0.000000 0.000004 nan 0.000004 0.000004 
240 0.000000 nan 0.000000 0.000004 nan 0.000004 0.000004 
241 0.000000 nan 0.000000 0.000004 nan 0.000004 0.000004 
242 0.000000 nan 0.000000 0.000004 nan 0.000004 0.000004 
243 0.000000 nan 0.000000 0.000004 nan 0.000004 0.000004 
244 0.000000 nan 0.000000 0.000004 nan 0.000004 0.000004 
245 0.000000 nan 0.000000 0.000004 nan 0.000004 0.000004 
246 0.000000 nan 0.000000 0.000004 nan 0.000004 0.000004 
247 0.000000 nan 0.000000 0.000004 nan 0.000004 0.000004 
248 0.000000 nan 0.000000 0.000004 nan 0.000004 0.000004 
249 0.000000 nan 0.000000 0.000004 nan 0.000004 0.000004 
250 0.000000 nan 0.000000 0.000004 nan 0.000004 0.000004 
251 0.000000 nan 0.000000 0.000004 nan 0.000004 0.000004 
252 0.000000 nan 0.000000 0.000004 nan 0.000004 0.000004 
253 0.000000 nan 0.000000 0.000004 nan 0.000004 0.000004 
254 0.000000 nan 0.000000 0.000004 nan 0.000004 0.000004 
255 0.000000 nan 0.000000 0.000004 nan 0.000004 0.000004 
256 0.000000 nan 0.000000 0.000004 nan 0.000004 0.000004 
257 0.000000 nan 0.000000 0.000004 nan 0.000004 0.000004 
258 0.000000 nan 0.000000 0.000004 nan 0.000004 0.000004 
259 0.000000 nan 0.000000 0.000004 nan 0.000004 0.000004 
260 0.000000 nan 0.000000 0.000004 nan 0.000004 0.000004 
261 0.000000 nan 0.000000 0.000004 nan 0.000004 0.000004 
262 0.000000 nan 0.000000 0.000004 nan 0.000004 0.000004 
263 0.000000 nan 0.000000 0.000004 nan 0.000004 0.000004 
264 0.000000 nan 0.000000 0.000004 nan 0.000004 0.000004 
265 0.000000 nan 0.000000 0.000004 nan 0.000004 0.000004 
266 0.000000 nan 0.000000 0.000004 nan 0.000004 0.000004 
267 0.000000 nan 0.000000 0.000004 nan 0.000004 0.000004 
268 0.000000 nan 0.000000 0.000004 nan 0.000004 0.000004 
269 0.000000 nan 0.000000 0.000004 nan 0.000004 0.000004 
270 0.000000 nan 0.000000 0.000004 nan 0.000004 0.000004 
271 0.000000 nan 0.000000 0.000004 nan 0.000004 0.000004 
272 0.000000 nan 0.000000 0.000004 nan 0.000004 0.000004 
273 0.000000 nan 0.000000 0.000004 nan 0.000004 0.000004 
274 0.000000 nan 0.000000 0.000004 nan 0.000004 0.000004 
275 0.000000 nan 0.000000 0.000004 nan 0.000004 0.000004 
276 0.000000 nan 0.000000 0.000004 nan 0.000004 0.000004 
277 0.000000 nan 0.000000 0.000004 nan 0.000004 0.000004 
278 0.000000 nan 0.000000 0.000004 nan 0.000004 0.000004 
279 0.000000 nan 0.000000 0.000004 nan 0.000004 0.000004 
280 0.000000 nan 0.000000 0.000004 nan 0.000004 0.000004 
281 0.000000 nan 0.000000 0.000004 nan 0.000004 0.000004 
282 0.000000 nan 0.000000 0.000004 nan 0.000004 0.000004 
283 0.000000 nan 0.000000 0.000004 nan 0.000004 0.000004 
284 0.000000 nan 0.000000 0.000004 nan 0.000004 0.000004 
285 0.000000 nan 0.000000 0.000004 nan 0.000004 0.000004 
286 0.000000 nan 0.000000 0.000004 nan 0.000004 0.000004 
287 0.000000 nan 0.000000 0.000004 nan 0.000004 0.000004 
288 0.000000 nan 0.000000 0.000004 nan 0.000004 0.000004 
289 0.000000 nan 0.000000 0.000004 nan 0.000004 0.000004 
290 0.000000 nan 0.000000 0.000004 nan 0.000004 0.000004 
291 0.000000 nan 0.000000 0.000004 nan 0.000004 0.000004 
292 0.000000 nan 0.000000 0.000004 nan 0.000004 0.000004 
293 0.000000 nan 0.000000 0.000004 nan 0.000004 0.000004 
294 0.000000 nan 0.000000 0.000004 nan 0.000004 0.000004 
295 0.000000 nan 0.000000 0.000004 nan 0.000004 0.000004 
296 0.000000 nan 0.000000 0.000004 nan 0.000004 0.000004 
297 0.000000 nan 0.000000 0.000004 nan 0.000004 0.000004 
298 0.000000 nan 0.000000 0.000004 nan 0.000004 0.000004 
299 0.000000 nan 0.000000 0.000004 nan 0.000004 0.000004 
300 0.000000 nan 0.000000 0.000004 nan 0.000004 0.000004 
301 0.000000 nan 0.000000 0.000004 nan 0.000004 0.000004 
302 0.000000 nan 0.000000 0.000004 nan 0.000004 0.000004 
303 0.000000 nan 0.000000 0.000004 nan 0.000004 0.000004 
304 0.000000 nan 0.000000 0.000004 nan 0.000004 0.000004 
305 0.000000 nan 0.000000 0.000004 nan 0.000004 0.000004 
306 0.000000 nan 0.000000 0.000004 nan 0.000004 0.000004 
307 0.000000 nan 0.000000 0.000004 nan 0.000004 0.000004 
308 0.000000 nan 0.000000 0.000004 nan 0.000004 0.000004 
309 0.000000 nan 0.000000 0.000004 nan 0.000004 0.000004 
310 0.000000 nan 0.000000 0.000004 nan 0.000004 0.000004 
311 0.000000 nan 0.000000 0.000004 nan 0.000004 0.000004 
312 0.000000 nan 0.000000 0.000004 nan 0.000004 0.000004 
313 0.000000 nan 0.000000 0.000004 nan 0.000004 0.000004 
314 0.000000 nan 0.000000 0.000004 nan 0.000004 0.000004 
315 0.000000 nan 0.000000 0.000004 nan 0.000004 0.000004 
316 0.000000 nan 0.000000 0.000004 nan 0.000004 0.000004 
317 0.000000 nan 0.000000 0.000004 nan 0.000004 0.000004 
318 0.000000 nan 0.000000 0.000004 nan 0.000004 0.000004 
319 0.000000 nan 0.000000 0.000004 nan 0.000004 0.000004 
320 0.000000 nan 0.000000 0.000004 nan 0.000004 0.000004 
321 0.000000 nan 0.000000 0.000004 nan 0.000004 0.000004 
322 0.000000 nan 0.000000 0.000004 nan 0.000004 0.000004 
323 0.000000 nan 0.000000 0.000004 nan 0.000004 0.000004 
324 0.000000 nan 0.000000 0.000004 nan 0.000004 0.000004 
325 0.000000 nan 0.000000 0.000004 nan 0.000004 0.000004 
326 0.000000 nan 0.000000 0.000004 nan 0.000004 0.000004 
327 0.000000 nan 0.000000 0.000004 nan 0.000004 0.000004 
328 0.000000 nan 0.000000 0.000004 nan 0.000004 0.000004 
329 0.000000 nan 0.000000 0.000004 nan 0.000004 0.000004 
330 0.000000 nan 0.000000 0.000004 nan 0.000004 0.000004 
331 0.000000 nan 0.000000 0.000004 nan 0.000004 0.000004 
332 0.000000 nan 0.000000 0.000004 nan 0.000004 0.000004 
333 0.000000 nan 0.000000 0.000004 nan 0.000004 0.000004 
334 0.000000 nan 0.000000 0.000004 nan 0.000004 0.000004 
335 0.000000 nan 0.000000 0.000004 nan 0.000004 0.000004 
336 0.000000 nan 0.000000 0.000004 nan 0.000004 0.000004 
337 0.000000 nan 0.000000 0.000004 nan 0.000004 0.000004 
338 0.000000 nan 0.000000 0.000004 nan 0.000004 0.000004 
339 0.000000 nan 0.000000 0.000004 nan 0.000004 0.000004 
340 0.000000 nan 0.000000 0.000004 nan 0.000004 0.000004 
341 0.000000 nan 0.000000 0.000004 nan 0.000004 0.000004 
342 0.000000 nan 0.000000 0.000004 nan 0.000004 0.000004 
343 0.000000 nan 0.000000 0.000004 nan 0.000004 0.000004 
344 0.000000 nan 0.000000 0.000004 nan 0.000004 0.000004 
345 0.000000 nan 0.000000 0.000004 nan 0.000004 0.000004 
346 0.000000 nan 0.000000 0.000004 nan 0.000004 0.000004 
347 0.000000 nan 0.000000 0.000004 nan 0.000004 0.000004 
348 0.000000 nan 0.000000 0.000004 nan 0.000004 0.000004 
349 0.000000 nan 0.000000 0.000004 nan 0.000004 0.000004 
350 0.000000 nan 0.000000 0.000004 nan 0.000004 0.000004 
351 0.000000 nan 0.000000 0.000004 nan 0.000004 0.000004 
352 0.000000 nan 0.000000 0.000004 nan 0.000004 0.000004 
353 0.000000 nan 0.000000 0.000004 nan 0.000004 0.000004 
354 0.000000 nan 0.000000 0.000004 nan 0.000004 0.000004 
355 0.000000 nan 0.000000 0.000004 nan 0.000004 0.000004 
356 0.000000 nan 0.000000 0.000004 nan 0.000004 0.000004 
357 0.000000 nan 0.000000 0.000004 nan 0.000004 0.000004 
358 0.000000 nan 0.000000 0.000004 nan 0.000004 0.000004 
359 0.000000 nan 0.000000 0.000004 nan 0.000004 0.000004 
360 0.000000 nan 0.000000 0.000004 nan 0.000004 0.000004 
361 0.000000 nan 0.000000 0.000004 nan 0.000004 0.000004 
362 0.000000 nan 0.000000 0.000004 nan 0.000004 0.000004 
363 0.000000 nan 0.000000 0.000004 nan 0.000004 0.000004 
364 0.000000 nan 0.000000 0.000004 nan 0.000004 0.000004 
365 0.000000 nan 0.000000 0.000004 nan 0.000004 0.000004 
366 0.000000 nan 0.000000 0.000004 nan 0.000004 0.000004 
367 0.000000 nan 0.000000 0.000004 nan 0.000004 0.000004 
368 0.000000 nan 0.000000 0.000004 nan 0.000004 0.000004 
369 0.000000 nan 0.000000 0.000004 nan 0.000004 0.000004 
370 0.000000 nan 0.000000 0.000004 nan 0.000004 0.000004 
371 0.000000 nan 0.000000 0.000004 nan 0.000004 0.000004 
372 0.000000 nan 0.000000 0.000004 nan 0.000004 0.000004 
373 0.000000 nan 0.000000 0.000004 nan 0.000004 0.000004 
374 0.000000 nan 0.000000 0.000004 nan 0.000004 0.000004 
375 0.000000 nan 0.000000 0.000004 nan 0.000004 0.000004 
376 0.000000 nan 0.000000 0.000004 nan 0.000004 0.000004 
377 0.000000 nan 0.000000 0.000004 nan 0.000004 0.000004 
378 0.000000 nan 0.000000 0.000004 nan 0.000004 0.000004 
379 0.000000 nan 0.000000 0.000004 nan 0.000004 0.000004 
380 0.000000 nan 0.000000 0.000004 nan 0.000004 0.000004 
381 0.000000 nan 0.000000 0.000004 nan 0.000004 0.000004 
382 0.000000 nan 0.000000 0.000004 nan 0.000004 0.000004 
383 0.000000 nan 0.000000 0.000004 nan 0.000004 0.000004 
384 0.000000 nan 0.000000 0.000004 nan 0.000004 0.000004 
385 0.000000 nan 0.000000 0.000004 nan 0.000004 0.000004 
386 0.000000 nan 0.000000 0.000004 nan 0.000004 0.000004 
387 0.000000 nan 0.000000 0.000004 nan 0.000004 0.000004 
388 0.000000 nan 0.000000 0.000004 nan 0.000004 0.000004 
389 0.000000 nan 0.000000 0.000004 nan 0.000004 0.000004 
390 0.000000 nan 0.000000 0.000004 nan 0.000004 0.000004 
391 0.000000 nan 0.000000 0.000004 nan 0.000004 0.000004 
392 0.000000 nan 0.000000 0.000004 nan 0.000004 0.000004 
393 0.000000 nan 0.000000 0.000004 nan 0.000004 0.000004 
394 0.000000 nan 0.000000 0.000004 nan 0.000004 0.000004 
395 0.000000 nan 0.000000 0.000004 nan 0.000004 0.000004 
396 0.000000 nan 0.000000 0.000004 nan 0.000004 0.000004 
397 0.000000 nan 0.000000 0.000004 nan 0.000004 0.000004 
398 0.000000 nan 0.000000 0.000004 nan 0.000004 0.000004 
399 0.000000 nan 0.000000 0.000004 nan 0.000004 0.000004 
400 0.000000 nan 0.000000 0.000004 nan 0.000004 0.000004 
401 0.000000 nan 0.000000 0.000004 nan 0.000004 0.000004 
402 0.000000 nan 0.000000 0.000004 nan 0.000004 0.000004 
403 0.000000 nan 0.000000 0.000004 nan 0.000004 0.000004 
404 0.000000 nan 0.000000 0.000004 nan 0.000004 0.000004 
405 0.000000 nan 0.000000 0.000004 nan 0.000004 0.000004 
406 0.000000 nan 0.000000 0.000004 nan 0.000004 0.000004 
407 0.000000 nan 0.000000 0.000004 nan 0.000004 0.000004 
408 0.000000 nan 0.000000 0.000004 nan 0.000004 0.000004 
409 0.000000 nan 0.000000 0.000004 nan 0.000004 0.000004 
410 0.000000 nan 0.000000 0.000004 nan 0.000004 0.000004 
411 0.000000 nan 0.000000 0.000004 nan 0.000004 0.000004 
412 0.000000 nan 0.000000 0.000004 nan 0.000004 0.000004 
413 0.000000 nan 0.000000 0.000004 nan 0.000004 0.000004 
414 0.000000 nan 0.000000 0.000004 nan 0.000004 0.000004 
415 0.000000 nan 0.000000 0.000004 nan 0.000004 0.000004 
416 0.000000 nan 0.000000 0.000004 nan 0.000004 0.000004 
417 0.000000 nan 0.000000 0.000004 nan 0.000004 0.000004 
418 0.000000 nan 0.000000 0.000004 nan 0.000004 0.000004 
419 0.000000 nan 0.000000 0.000004 nan 0.000004 0.000004 
420 0.000000 nan 0.000000 0.000004 nan 0.000004 0.000004 
421 0.000000 nan 0.000000 0.000004 nan 0.000004 0.000004 
422 0.000000 nan 0.000000 0.000004 nan 0.000004 0.000004 
423 0.000000 nan 0.000000 0.000004 nan 0.000004 0.000004 
424 0.000000 nan 0.000000 0.000004 nan 0.000004 0.000004 
425 0.000000 nan 0.000000 0.000004 nan 0.000004 0.000004 
426 0.000000 nan 0.000000 0.000004 nan 0.000004 0.000004 
427 0.000000 nan 0.000000 0.000004 nan 0.000004 0.000004 
428 0.000000 nan 0.000000 0.000004 nan 0.000004 0.000004 
429 0.000000 nan 0.000000 0.000004 nan 0.000004 0.000004 
430 0.000000 nan 0.000000 0.000004 nan 0.000004 0.000004 
431 0.000000 nan 0.000000 0.000004 nan 0.000004 0.000004 
432 0.000000 nan 0.000000 0.000004 nan 0.000004 0.000004 
433 0.000000 nan 0.000000 0.000004 nan 0.000004 0.000004 
434 0.000000 nan 0.000000 0.000004 nan 0.000004 0.000004 
435 0.000000 nan 0.000000 0.000004 nan 0.000004 0.000004 
436 0.000000 nan 0.000000 0.000004 nan 0.000004 0.000004 
437 0.000000 nan 0.000000 0.000004 nan 0.000004 0.000004 
438 0.000000 nan 0.000000 0.000004 nan 0.000004 0.000004 
439 0.000000 nan 0.000000 0.000004 nan 0.000004 0.000004 
440 0.000000 nan 0.000000 0.000004 nan 0.000004 0.000004 
441 0.000000 nan 0.000000 0.000004 nan 0.000004 0.000004 
442 0.000000 nan 0.000000 0.000004 nan 0.000004 0.000004 
443 0.000000 nan 0.000000 0.000004 nan 0.000004 0.000004 
444 0.000000 nan 0.000000 0.000004 nan 0.000004 0.000004 
445 0.000000 nan 0.000000 0.000004 nan 0.000004 0.000004 
446 0.000000 nan 0.000000 0.000004 nan 0.000004 0.000004 
447 0.000000 nan 0.000000 0.000004 nan 0.000004 0.000004 
448 0.000000 nan 0.000000 0.000004 nan 0.000004 0.000004 
449 0.000000 nan 0.000000 0.000004 nan 0.000004 0.000004 
450 0.000000 nan 0.000000 0.000004 nan 0.000004 0.000004 
451 0.000000 nan 0.000000 0.000004 nan 0.000004 0.000004 
452 0.000000 nan 0.000000 0.000004 nan 0.000004 0.000004 
453 0.000000 nan 0.000000 0.000004 nan 0.000004 0.000004 
454 0.000000 nan 0.000000 0.000004 nan 0.000004 0.000004 
455 0.000000 nan 0.000000 0.000004 nan 0.000004 0.000004 
456 0.000000 nan 0.000000 0.000004 nan 0.000004 0.000004 
457 0.000000 nan 0.000000 0.000004 nan 0.000004 0.000004 
458 0.000000 nan 0.000000 0.000004 nan 0.000004 0.000004 
459 0.000000 nan 0.000000 0.000004 nan 0.000004 0.000004 
460 0.000000 nan 0.000000 0.000004 nan 0.000004 0.000004 
461 0.000000 nan 0.000000 0.000004 nan 0.000004 0.000004 
462 0.000000 nan 0.000000 0.000004 nan 0.000004 0.000004 
463 0.000000 nan 0.000000 0.000004 nan 0.000004 0.000004 
464 0.000000 nan 0.000000 0.000004 nan 0.000004 0.000004 
465 0.000000 nan 0.000000 0.000004 nan 0.000004 0.000004 
466 0.000000 nan 0.000000 0.000004 nan 0.000003 0.000004 
467 0.000000 nan 0.000000 0.000004 nan 0.000003 0.000004 
468 0.000000 nan 0.000000 0.000004 nan 0.000003 0.000004 
469 0.000000 nan 0.000000 0.000004 nan 0.000003 0.000004 
470 0.000000 nan 0.000000 0.000004 nan 0.000003 0.000004 
471 0.000000 nan 0.000000 0.000004 nan 0.000003 0.000004 
472 0.000000 nan 0.000000 0.000004 nan 0.000003 0.000004 
473 0.000000 nan 0.000000 0.000004 nan 0.000003 0.000004 
474 0.000000 nan 0.000000 0.000004 nan 0.000003 0.000004 
475 0.000000 nan 0.000000 0.000004 nan 0.000003 0.000004 
476 0.000000 nan 0.000000 0.000004 nan 0.000003 0.000004 
477 0.000000 nan 0.000000 0.000004 nan 0.000003 0.000004 
478 0.000000 nan 0.000000 0.000004 nan 0.000003 0.000004 
479 0.000000 nan 0.000000 0.000004 nan 0.000003 0.000003 
480 0.000000 nan 0.000000 0.000003 nan 0.000003 0.000003 
481 0.000000 nan 0.000000 0.000003 nan 0.000003 0.000003 
482 0.000000 nan 0.000000 0.000003 nan 0.000003 0.000003 
483 0.000000 nan 0.000000 0.000003 nan 0.000003 0.000003 
484 0.000000 nan 0.000000 0.000003 nan 0.000003 0.000003 
485 0.000000 nan 0.000000 0.000003 nan 0.000003 0.000003 
486 0.000000 nan 0.000000 0.000003 nan 0.000003 0.000003 
487 0.000000 nan 0.000000 0.000003 nan 0.000003 0.000003 
488 0.000000 nan 0.000000 0.000003 nan 0.000003 0.000003 
489 0.000000 nan 0.000000 0.000003 nan 0.000003 0.000003 
490 0.000000 nan 0.000000 0.000003 nan 0.000003 0.000003 
491 0.000000 nan 0.000000 0.000003 nan 0.000003 0.000003 
492 0.000000 nan 0.000000 0.000003 nan 0.000003 0.000003 
493 0.000000 nan 0.000000 0.000003 nan 0.000003 0.000003 
494 0.000000 nan 0.000000 0.000003 nan 0.000003 0.000003 
495 0.000000 nan 0.000000 0.000003 nan 0.000003 0.000003 
496 0.000000 nan 0.000000 0.000003 nan 0.000003 0.000003 
497 0.000000 nan 0.000000 0.000003 nan 0.000003 0.000003 
498 0.000000 nan 0.000000 0.000003 nan 0.000003 0.000003 
499 0.000000 nan 0.000000 0.000003 nan 0.000003 0.000003 
500 0.000000 nan 0.000000 0.000003 nan 0.000003 0.000003 
501 0.000000 nan 0.000000 0.000003 nan 0.000003 0.000003 
502 0.000000 nan 0.000000 0.000003 nan 0.000003 0.000003 
503 0.000000 nan 0.000000 0.000003 nan 0.000003 0.000003 
504 0.000000 nan 0.000000 0.000003 nan 0.000003 0.000003 
505 0.000000 nan 0.000000 0.000003 nan 0.000003 0.000003 
506 0.000000 nan 0.000000 0.000003 nan 0.000003 0.000003 
507 0.000000 nan 0.000000 0.000003 nan 0.000003 0.000003 
508 0.000000 nan 0.000000 0.000003 nan 0.000003 0.000003 
509 0.000000 nan 0.000000 0.000003 nan 0.000003 0.000003 
510 0.000000 nan 0.000000 0.000003 nan 0.000003 0.000003 
511 0.000000 nan 0.000000 0.000003 nan 0.000003 0.000003 
512 0.000000 nan 0.000000 0.000003 nan 0.000003 0.000003 
513 0.000000 nan 0.000000 0.000003 nan 0.000003 0.000003 
514 0.000000 nan 0.000000 0.000003 nan 0.000003 0.000003 
515 0.000000 nan 0.000000 0.000003 nan 0.000003 0.000003 
516 0.000000 nan 0.000000 0.000003 nan 0.000003 0.000003 
517 0.000000 nan 0.000000 0.000003 nan 0.000003 0.000003 
518 0.000000 nan 0.000000 0.000003 nan 0.000003 0.000003 
519 0.000000 nan 0.000000 0.000003 nan 0.000003 0.000003 
520 0.000000 nan 0.000000 0.000003 nan 0.000003 0.000003 
521 0.000000 nan 0.000000 0.000003 nan 0.000003 0.000003 
522 0.000000 nan 0.000000 0.000003 nan 0.000003 0.000003 
523 0.000000 nan 0.000000 0.000003 nan 0.000003 0.000003 
524 0.000000 nan 0.000000 0.000003 nan 0.000003 0.000003 
525 0.000000 nan 0.000000 0.000003 nan 0.000003 0.000003 
526 0.000000 nan 0.000000 0.000003 nan 0.000003 0.000003 
527 0.000000 nan 0.000000 0.000003 nan 0.000003 0.000003 
528 0.000000 nan 0.000000 0.000003 nan 0.000003 0.000003 
529 0.000000 nan 0.000000 0.000003 nan 0.000003 0.000003 
530 0.000000 nan 0.000000 0.000003 nan 0.000003 0.000003 
531 0.000000 nan 0.000000 0.000003 nan 0.000003 0.000003 
532 0.000000 nan 0.000000 0.000003 nan 0.000003 0.000003 
533 0.000000 nan 0.000000 0.000003 nan 0.000003 0.000003 
534 0.000000 nan 0.000000 0.000003 nan 0.000003 0.000003 
535 0.000000 nan 0.000000 0.000003 nan 0.000003 0.000003 
536 0.000000 nan 0.000000 0.000003 nan 0.000003 0.000003 
537 0.000000 nan 0.000000 0.000003 nan 0.000003 0.000003 
538 0.000000 nan 0.000000 0.000003 nan 0.000003 0.000003 
539 0.000000 nan 0.000000 0.000003 nan 0.000003 0.000003 
540 0.000000 nan 0.000000 0.000003 nan 0.000003 0.000003 
541 0.000000 nan 0.000000 0.000003 nan 0.000003 0.000003 
542 0.000000 nan 0.000000 0.000003 nan 0.000003 0.000003 
543 0.000000 nan 0.000000 0.000003 nan 0.000003 0.000003 
544 0.000000 nan 0.000000 0.000003 nan 0.000003 0.000003 
545 0.000000 nan 0.000000 0.000003 nan 0.000003 0.000003 
546 0.000000 nan 0.000000 0.000003 nan 0.000003 0.000003 
547 0.000000 nan 0.000000 0.000003 nan 0.000003 0.000003 
548 0.000000 nan 0.000000 0.000003 nan 0.000003 0.000003 
549 0.000000 nan 0.000000 0.000003 nan 0.000003 0.000003 
550 0.000000 nan 0.000000 0.000003 nan 0.000003 0.000003 
551 0.000000 nan 0.000000 0.000003 nan 0.000003 0.000003 
552 0.000000 nan 0.000000 0.000003 nan 0.000003 0.000003 
553 0.000000 nan 0.000000 0.000003 nan 0.000003 0.000003 
554 0.000000 nan 0.000000 0.000003 nan 0.000003 0.000003 
555 0.000000 nan 0.000000 0.000003 nan 0.000003 0.000003 
556 0.000000 nan 0.000000 0.000003 nan 0.000003 0.000003 
557 0.000000 nan 0.000000 0.000003 nan 0.000003 0.000003 
558 0.000000 nan 0.000000 0.000003 nan 0.000003 0.000003 
559 0.000000 nan 0.000000 0.000003 nan 0.000003 0.000003 
560 0.000000 nan 0.000000 0.000003 nan 0.000003 0.000003 
561 0.000000 nan 0.000000 0.000003 nan 0.000003 0.000003 
562 0.000000 nan 0.000000 0.000003 nan 0.000003 0.000003 
563 0.000000 nan 0.000000 0.000003 nan 0.000003 0.000003 
564 0.000000 nan 0.000000 0.000003 nan 0.000003 0.000003 
565 0.000000 nan 0.000000 0.000003 nan 0.000003 0.000003 
566 0.000000 nan 0.000000 0.000003 nan 0.000003 0.000003 
567 0.000000 nan 0.000000 0.000003 nan 0.000003 0.000003 
568 0.000000 nan 0.000000 0.000003 nan 0.000003 0.000003 
569 0.000000 nan 0.000000 0.000003 nan 0.000003 0.000003 
570 0.000000 nan 0.000000 0.000003 nan 0.000003 0.000003 
571 0.000000 nan 0.000000 0.000003 nan 0.000003 0.000003 
572 0.000000 nan 0.000000 0.000003 nan 0.000003 0.000003 
573 0.000000 nan 0.000000 0.000003 nan 0.000003 0.000003 
574 0.000000 nan 0.000000 0.000003 nan 0.000003 0.000003 
575 0.000000 nan 0.000000 0.000003 nan 0.000003 0.000003 
576 0.000000 nan 0.000000 0.000003 nan 0.000003 0.000003 
577 0.000000 nan 0.000000 0.000003 nan 0.000003 0.000003 
578 0.000000 nan 0.000000 0.000003 nan 0.000003 0.000003 
579 0.000000 nan 0.000000 0.000003 nan 0.000003 0.000003 
580 0.000000 nan 0.000000 0.000003 nan 0.000003 0.000003 
581 0.000000 nan 0.000000 0.000003 nan 0.000003 0.000003 
582 0.000000 nan 0.000000 0.000003 nan 0.000003 0.000003 
583 0.000000 nan 0.000000 0.000003 nan 0.000003 0.000003 
584 0.000000 nan 0.000000 0.000003 nan 0.000003 0.000003 
585 0.000000 nan 0.000000 0.000003 nan 0.000003 0.000003 
586 0.000000 nan 0.000000 0.000003 nan 0.000003 0.000003 
587 0.000000 nan 0.000000 0.000003 nan 0.000003 0.000003 
588 0.000000 nan 0.000000 0.000003 nan 0.000003 0.000003 
589 0.000000 nan 0.000000 0.000003 nan 0.000003 0.000003 
590 0.000000 nan 0.000000 0.000003 nan 0.000003 0.000003 
591 0.000000 nan 0.000000 0.000003 nan 0.000003 0.000003 
592 0.000000 nan 0.000000 0.000003 nan 0.000003 0.000003 
593 0.000000 nan 0.000000 0.000003 nan 0.000003 0.000003 
594 0.000000 nan 0.000000 0.000003 nan 0.000003 0.000003 
595 0.000000 nan 0.000000 0.000003 nan 0.000003 0.000003 
596 0.000000 nan 0.000000 0.000003 nan 0.000003 0.000003 
597 0.000000 nan 0.000000 0.000003 nan 0.000003 0.000003 
598 0.000000 nan 0.000000 0.000003 nan 0.000003 0.000003 
599 0.000000 nan 0.000000 0.000003 nan 0.000003 0.000003 
600 0.000000 nan 0.000000 0.000003 nan 0.000003 0.000003 
601 0.000000 nan 0.000000 0.000003 nan 0.000003 0.000003 
602 0.000000 nan 0.000000 0.000003 nan 0.000003 0.000003 
603 0.000000 nan 0.000000 0.000003 nan 0.000003 0.000003 
604 0.000000 nan 0.000000 0.000003 nan 0.000003 0.000003 
605 0.000000 nan 0.000000 0.000003 nan 0.000003 0.000003 
606 0.000000 nan 0.000000 0.000003 nan 0.000003 0.000003 
607 0.000000 nan 0.000000 0.000003 nan 0.000003 0.000003 
608 0.000000 nan 0.000000 0.000003 nan 0.000003 0.000003 
609 0.000000 nan 0.000000 0.000003 nan 0.000003 0.000003 
610 0.000000 nan 0.000000 0.000003 nan 0.000003 0.000003 
611 0.000000 nan 0.000000 0.000003 nan 0.000003 0.000003 
612 0.000000 nan 0.000000 0.000003 nan 0.000003 0.000003 
613 0.000000 nan 0.000000 0.000003 nan 0.000003 0.000003 
614 0.000000 nan 0.000000 0.000003 nan 0.000003 0.000003 
615 0.000000 nan 0.000000 0.000003 nan 0.000003 0.000003 
616 0.000000 nan 0.000000 0.000003 nan 0.000003 0.000003 
617 0.000000 nan 0.000000 0.000003 nan 0.000003 0.000003 
618 0.000000 nan 0.000000 0.000003 nan 0.000003 0.000003 
619 0.000000 nan 0.000000 0.000003 nan 0.000003 0.000003 
620 0.000000 nan 0.000000 0.000003 nan 0.000003 0.000003 
621 0.000000 nan 0.000000 0.000003 nan 0.000003 0.000003 
622 0.000000 nan 0.000000 0.000003 nan 0.000003 0.000003 
623 0.000000 nan 0.000000 0.000003 nan 0.000003 0.000003 
624 0.000000 nan 0.000000 0.000003 nan 0.000003 0.000003 
625 0.000000 nan 0.000000 0.000003 nan 0.000003 0.000003 
626 0.000000 nan 0.000000 0.000003 nan 0.000003 0.000003 
627 0.000000 nan 0.000000 0.000003 nan 0.000003 0.000003 
628 0.000000 nan 0.000000 0.000003 nan 0.000003 0.000003 
629 0.000000 nan 0.000000 0.000003 nan 0.000003 0.000003 
630 0.000000 nan 0.000000 0.000003 nan 0.000003 0.000003 
631 0.000000 nan 0.000000 0.000003 nan 0.000003 0.000003 
632 0.000000 nan 0.000000 0.000003 nan 0.000003 0.000003 
633 0.000000 nan 0.000000 0.000003 nan 0.000003 0.000003 
634 0.000000 nan 0.000000 0.000003 nan 0.000003 0.000003 
635 0.000000 nan 0.000000 0.000003 nan 0.000003 0.000003 
636 0.000000 nan 0.000000 0.000003 nan 0.000003 0.000003 
637 0.000000 nan 0.000000 0.000003 nan 0.000003 0.000003 
638 0.000000 nan 0.000000 0.000003 nan 0.000003 0.000003 
639 0.000000 nan 0.000000 0.000003 nan 0.000003 0.000003 
640 0.000000 nan 0.000000 0.000003 nan 0.000003 0.000003 
641 0.000000 nan 0.000000 0.000003 nan 0.000003 0.000003 
642 0.000000 nan 0.000000 0.000003 nan 0.000003 0.000003 
643 0.000000 nan 0.000000 0.000003 nan 0.000003 0.000003 
644 0.000000 nan 0.000000 0.000003 nan 0.000003 0.000003 
645 0.000000 nan 0.000000 0.000003 nan 0.000003 0.000003 
646 0.000000 nan 0.000000 0.000003 nan 0.000003 0.000003 
647 0.000000 nan 0.000000 0.000003 nan 0.000003 0.000003 
648 0.000000 nan 0.000000 0.000003 nan 0.000003 0.000003 
649 0.000000 nan 0.000000 0.000003 nan 0.000003 0.000003 
650 0.000000 nan 0.000000 0.000003 nan 0.000003 0.000003 
651 0.000000 nan 0.000000 0.000003 nan 0.000003 0.000003 
652 0.000000 nan 0.000000 0.000003 nan 0.000003 0.000003 
653 0.000000 nan 0.000000 0.000003 nan 0.000003 0.000003 
654 0.000000 nan 0.000000 0.000003 nan 0.000003 0.000003 
655 0.000000 nan 0.000000 0.000003 nan 0.000003 0.000003 
656 0.000000 nan 0.000000 0.000003 nan 0.000003 0.000003 
657 0.000000 nan 0.000000 0.000003 nan 0.000003 0.000003 
658 0.000000 nan 0.000000 0.000003 nan 0.000003 0.000003 
659 0.000000 nan 0.000000 0.000003 nan 0.000003 0.000003 
660 0.000000 nan 0.000000 0.000003 nan 0.000003 0.000003 
661 0.000000 nan 0.000000 0.000003 nan 0.000003 0.000003 
662 0.000000 nan 0.000000 0.000003 nan 0.000003 0.000003 
663 0.000000 nan 0.000000 0.000003 nan 0.000003 0.000003 
664 0.000000 nan 0.000000 0.000003 nan 0.000003 0.000003 
665 0.000000 nan 0.000000 0.000003 nan 0.000003 0.000003 
666 0.000000 nan 0.000000 0.000003 nan 0.000003 0.000003 
667 0.000000 nan 0.000000 0.000003 nan 0.000003 0.000003 
668 0.000000 nan 0.000000 0.000003 nan 0.000003 0.000003 
669 0.000000 nan 0.000000 0.000003 nan 0.000003 0.000003 
670 0.000000 nan 0.000000 0.000003 nan 0.000003 0.000003 
671 0.000000 nan 0.000000 0.000003 nan 0.000003 0.000003 
672 0.000000 nan 0.000000 0.000003 nan 0.000003 0.000003 
673 0.000000 nan 0.000000 0.000003 nan 0.000003 0.000003 
674 0.000000 nan 0.000000 0.000003 nan 0.000003 0.000003 
675 0.000000 nan 0.000000 0.000003 nan 0.000003 0.000003 
676 0.000000 nan 0.000000 0.000003 nan 0.000003 0.000003 
677 0.000000 nan 0.000000 0.000003 nan 0.000003 0.000003 
678 0.000000 nan 0.000000 0.000003 nan 0.000003 0.000003 
679 0.000000 nan 0.000000 0.000003 nan 0.000003 0.000003 
680 0.000000 nan 0.000000 0.000003 nan 0.000003 0.000003 
681 0.000000 nan 0.000000 0.000003 nan 0.000003 0.000003 
682 0.000000 nan 0.000000 0.000003 nan 0.000003 0.000003 
683 0.000000 nan 0.000000 0.000003 nan 0.000003 0.000003 
684 0.000000 nan 0.000000 0.000003 nan 0.000003 0.000003 
685 0.000000 nan 0.000000 0.000003 nan 0.000003 0.000003 
686 0.000000 nan 0.000000 0.000003 nan 0.000003 0.000003 
687 0.000000 nan 0.000000 0.000003 nan 0.000003 0.000003 
688 0.000000 nan 0.000000 0.000003 nan 0.000003 0.000003 
689 0.000000 nan 0.000000 0.000003 nan 0.000003 0.000003 
690 0.000000 nan 0.000000 0.000003 nan 0.000003 0.000003 
691 0.000000 nan 0.000000 0.000003 nan 0.000003 0.000003 
692 0.000000 nan 0.000000 0.000003 nan 0.000003 0.000003 
693 0.000000 nan 0.000000 0.000003 nan 0.000003 0.000003 
694 0.000000 nan 0.000000 0.000003 nan 0.000003 0.000003 
695 0.000000 nan 0.000000 0.000003 nan 0.000003 0.000003 
696 0.000000 nan 0.000000 0.000003 nan 0.000003 0.000003 
697 0.000000 nan 0.000000 0.000003 nan 0.000003 0.000003 
698 0.000000 nan 0.000000 0.000003 nan 0.000003 0.000003 
699 0.000000 nan 0.000000 0.000003 nan 0.000003 0.000003 
700 0.000000 nan 0.000000 0.000003 nan 0.000003 0.000003 
701 0.000000 nan 0.000000 0.000003 nan 0.000003 0.000003 
702 0.000000 nan 0.000000 0.000003 nan 0.000003 0.000003 
703 0.000000 nan 0.000000 0.000003 nan 0.000003 0.000003 
704 0.000000 nan 0.000000 0.000003 nan 0.000003 0.000003 
705 0.000000 nan 0.000000 0.000003 nan 0.000003 0.000003 
706 0.000000 nan 0.000000 0.000003 nan 0.000003 0.000003 
707 0.000000 nan 0.000000 0.000003 nan 0.000003 0.000003 
708 0.000000 nan 0.000000 0.000003 nan 0.000003 0.000003 
709 0.000000 nan 0.000000 0.000003 nan 0.000003 0.000003 
710 0.000000 nan 0.000000 0.000003 nan 0.000003 0.000003 
711 0.000000 nan 0.000000 0.000003 nan 0.000003 0.000003 
712 0.000000 nan 0.000000 0.000003 nan 0.000003 0.000003 
713 0.000000 nan 0.000000 0.000003 nan 0.000003 0.000003 
714 0.000000 nan 0.000000 0.000003 nan 0.000003 0.000003 
715 0.000000 nan 0.000000 0.000003 nan 0.000003 0.000003 
716 0.000000 nan 0.000000 0.000003 nan 0.000003 0.000003 
717 0.000000 nan 0.000000 0.000003 nan 0.000003 0.000003 
718 0.000000 nan 0.000000 0.000003 nan 0.000003 0.000003 
719 0.000000 nan 0.000000 0.000003 nan 0.000003 0.000003 
720 0.000000 nan 0.000000 0.000003 nan 0.000003 0.000003 
721 0.000000 nan 0.000000 0.000003 nan 0.000003 0.000003 
722 0.000000 nan 0.000000 0.000003 nan 0.000003 0.000003 
723 0.000000 nan 0.000000 0.000003 nan 0.000003 0.000003 
724 0.000000 nan 0.000000 0.000003 nan 0.000003 0.000003 
725 0.000000 nan 0.000000 0.000003 nan 0.000003 0.000003 
726 0.000000 nan 0.000000 0.000003 nan 0.000003 0.000003 
727 0.000000 nan 0.000000 0.000003 nan 0.000003 0.000003 
728 0.000000 nan 0.000000 0.000003 nan 0.000003 0.000003 
729 0.000000 nan 0.000000 0.000003 nan 0.000003 0.000003 
730 0.000000 nan 0.000000 0.000003 nan 0.000003 0.000003 
731 0.000000 nan 0.000000 0.000003 nan 0.000003 0.000003 
732 0.000000 nan 0.000000 0.000003 nan 0.000003 0.000003 
733 0.000000 nan 0.000000 0.000003 nan 0.000003 0.000003 
734 0.000000 nan 0.000000 0.000003 nan 0.000003 0.000003 
735 0.000000 nan 0.000000 0.000003 nan 0.000003 0.000003 
736 0.000000 nan 0.000000 0.000003 nan 0.000003 0.000003 
737 0.000000 nan 0.000000 0.000003 nan 0.000003 0.000003 
738 0.000000 nan 0.000000 0.000003 nan 0.000003 0.000003 
739 0.000000 nan 0.000000 0.000003 nan 0.000003 0.000003 
740 0.000000 nan 0.000000 0.000003 nan 0.000003 0.000003 
741 0.000000 nan 0.000000 0.000003 nan 0.000003 0.000003 
742 0.000000 nan 0.000000 0.000003 nan 0.000003 0.000003 
743 0.000000 nan 0.000000 0.000003 nan 0.000003 0.000003 
