#### 	 Vertical City Weather Generator (VCWG)  	 #### 
# Water leakage from roof and ground 
# 0:time [hr] 1:LkRoofImp [mm s^-1] 2:LkRoofVeg [mm s^-1] 3:LkRoof [mm s^-1] 4:LkGroundImp [mm s^-1] 5:LkGroundBare [mm s^-1] 6:LkGroundVeg [mm s^-1] 7:LkGround [mm s^-1] 
0 0.000000 nan 0.000000 0.000005 nan 0.000005 0.000005 
1 0.000000 nan 0.000000 0.000005 nan 0.000005 0.000005 
2 0.000000 nan 0.000000 0.000005 nan 0.000005 0.000005 
3 0.000000 nan 0.000000 0.000005 nan 0.000005 0.000005 
4 0.000000 nan 0.000000 0.000005 nan 0.000005 0.000005 
5 0.000000 nan 0.000000 0.000005 nan 0.000005 0.000005 
6 0.000000 nan 0.000000 0.000005 nan 0.000005 0.000005 
7 0.000000 nan 0.000000 0.000005 nan 0.000005 0.000005 
8 0.000000 nan 0.000000 0.000005 nan 0.000005 0.000005 
9 0.000000 nan 0.000000 0.000005 nan 0.000005 0.000005 
10 0.000000 nan 0.000000 0.000005 nan 0.000005 0.000005 
11 0.000000 nan 0.000000 0.000005 nan 0.000005 0.000005 
12 0.000000 nan 0.000000 0.000005 nan 0.000005 0.000005 
13 0.000000 nan 0.000000 0.000005 nan 0.000005 0.000005 
14 0.000000 nan 0.000000 0.000005 nan 0.000005 0.000005 
15 0.000000 nan 0.000000 0.000005 nan 0.000005 0.000005 
16 0.000000 nan 0.000000 0.000005 nan 0.000005 0.000005 
17 0.000000 nan 0.000000 0.000005 nan 0.000005 0.000005 
18 0.000000 nan 0.000000 0.000005 nan 0.000005 0.000005 
19 0.000000 nan 0.000000 0.000005 nan 0.000005 0.000005 
20 0.000000 nan 0.000000 0.000005 nan 0.000005 0.000005 
21 0.000000 nan 0.000000 0.000005 nan 0.000005 0.000005 
22 0.000000 nan 0.000000 0.000005 nan 0.000005 0.000005 
23 0.000000 nan 0.000000 0.000005 nan 0.000005 0.000005 
24 0.000000 nan 0.000000 0.000005 nan 0.000005 0.000005 
25 0.000000 nan 0.000000 0.000005 nan 0.000005 0.000005 
26 0.000000 nan 0.000000 0.000005 nan 0.000005 0.000005 
27 0.000000 nan 0.000000 0.000005 nan 0.000005 0.000005 
28 0.000000 nan 0.000000 0.000005 nan 0.000005 0.000005 
29 0.000000 nan 0.000000 0.000005 nan 0.000005 0.000005 
30 0.000000 nan 0.000000 0.000005 nan 0.000005 0.000005 
31 0.000000 nan 0.000000 0.000005 nan 0.000005 0.000005 
32 0.000000 nan 0.000000 0.000005 nan 0.000005 0.000005 
33 0.000000 nan 0.000000 0.000005 nan 0.000005 0.000005 
34 0.000000 nan 0.000000 0.000005 nan 0.000005 0.000005 
35 0.000000 nan 0.000000 0.000005 nan 0.000005 0.000005 
36 0.000000 nan 0.000000 0.000005 nan 0.000005 0.000005 
37 0.000000 nan 0.000000 0.000005 nan 0.000005 0.000005 
38 0.000000 nan 0.000000 0.000005 nan 0.000005 0.000005 
39 0.000000 nan 0.000000 0.000005 nan 0.000005 0.000005 
40 0.000000 nan 0.000000 0.000005 nan 0.000005 0.000005 
41 0.000000 nan 0.000000 0.000005 nan 0.000005 0.000005 
42 0.000000 nan 0.000000 0.000005 nan 0.000005 0.000005 
43 0.000000 nan 0.000000 0.000005 nan 0.000005 0.000005 
44 0.000000 nan 0.000000 0.000005 nan 0.000005 0.000005 
45 0.000000 nan 0.000000 0.000005 nan 0.000005 0.000005 
46 0.000000 nan 0.000000 0.000005 nan 0.000005 0.000005 
47 0.000000 nan 0.000000 0.000005 nan 0.000005 0.000005 
48 0.000000 nan 0.000000 0.000005 nan 0.000005 0.000005 
49 0.000000 nan 0.000000 0.000005 nan 0.000005 0.000005 
50 0.000000 nan 0.000000 0.000005 nan 0.000005 0.000005 
51 0.000000 nan 0.000000 0.000005 nan 0.000005 0.000005 
52 0.000000 nan 0.000000 0.000005 nan 0.000005 0.000005 
53 0.000000 nan 0.000000 0.000005 nan 0.000005 0.000005 
54 0.000000 nan 0.000000 0.000005 nan 0.000005 0.000005 
55 0.000000 nan 0.000000 0.000005 nan 0.000005 0.000005 
56 0.000000 nan 0.000000 0.000005 nan 0.000005 0.000005 
57 0.000000 nan 0.000000 0.000005 nan 0.000005 0.000005 
58 0.000000 nan 0.000000 0.000005 nan 0.000005 0.000005 
59 0.000000 nan 0.000000 0.000005 nan 0.000005 0.000005 
60 0.000000 nan 0.000000 0.000005 nan 0.000005 0.000005 
61 0.000000 nan 0.000000 0.000005 nan 0.000005 0.000005 
62 0.000000 nan 0.000000 0.000005 nan 0.000005 0.000005 
63 0.000000 nan 0.000000 0.000005 nan 0.000005 0.000005 
64 0.000000 nan 0.000000 0.000005 nan 0.000005 0.000005 
65 0.000000 nan 0.000000 0.000005 nan 0.000005 0.000005 
66 0.000000 nan 0.000000 0.000005 nan 0.000005 0.000005 
67 0.000000 nan 0.000000 0.000005 nan 0.000005 0.000005 
68 0.000000 nan 0.000000 0.000005 nan 0.000005 0.000005 
69 0.000000 nan 0.000000 0.000005 nan 0.000005 0.000005 
70 0.000000 nan 0.000000 0.000005 nan 0.000005 0.000005 
71 0.000000 nan 0.000000 0.000005 nan 0.000005 0.000005 
72 0.000000 nan 0.000000 0.000005 nan 0.000005 0.000005 
73 0.000000 nan 0.000000 0.000005 nan 0.000005 0.000005 
74 0.000000 nan 0.000000 0.000005 nan 0.000005 0.000005 
75 0.000000 nan 0.000000 0.000005 nan 0.000005 0.000005 
76 0.000000 nan 0.000000 0.000005 nan 0.000005 0.000005 
77 0.000000 nan 0.000000 0.000005 nan 0.000005 0.000005 
78 0.000000 nan 0.000000 0.000005 nan 0.000005 0.000005 
79 0.000000 nan 0.000000 0.000005 nan 0.000005 0.000005 
80 0.000000 nan 0.000000 0.000005 nan 0.000005 0.000005 
81 0.000000 nan 0.000000 0.000005 nan 0.000005 0.000005 
82 0.000000 nan 0.000000 0.000005 nan 0.000005 0.000005 
83 0.000000 nan 0.000000 0.000005 nan 0.000005 0.000005 
84 0.000000 nan 0.000000 0.000005 nan 0.000005 0.000005 
85 0.000000 nan 0.000000 0.000005 nan 0.000005 0.000005 
86 0.000000 nan 0.000000 0.000005 nan 0.000005 0.000005 
87 0.000000 nan 0.000000 0.000005 nan 0.000005 0.000005 
88 0.000000 nan 0.000000 0.000005 nan 0.000005 0.000005 
89 0.000000 nan 0.000000 0.000005 nan 0.000005 0.000005 
90 0.000000 nan 0.000000 0.000005 nan 0.000005 0.000005 
91 0.000000 nan 0.000000 0.000005 nan 0.000005 0.000005 
92 0.000000 nan 0.000000 0.000005 nan 0.000005 0.000005 
93 0.000000 nan 0.000000 0.000005 nan 0.000005 0.000005 
94 0.000000 nan 0.000000 0.000005 nan 0.000005 0.000005 
95 0.000000 nan 0.000000 0.000005 nan 0.000005 0.000005 
96 0.000000 nan 0.000000 0.000005 nan 0.000005 0.000005 
97 0.000000 nan 0.000000 0.000005 nan 0.000005 0.000005 
98 0.000000 nan 0.000000 0.000005 nan 0.000005 0.000005 
99 0.000000 nan 0.000000 0.000005 nan 0.000005 0.000005 
100 0.000000 nan 0.000000 0.000005 nan 0.000005 0.000005 
101 0.000000 nan 0.000000 0.000005 nan 0.000005 0.000005 
102 0.000000 nan 0.000000 0.000005 nan 0.000005 0.000005 
103 0.000000 nan 0.000000 0.000005 nan 0.000005 0.000005 
104 0.000000 nan 0.000000 0.000005 nan 0.000005 0.000005 
105 0.000000 nan 0.000000 0.000005 nan 0.000005 0.000005 
106 0.000000 nan 0.000000 0.000005 nan 0.000005 0.000005 
107 0.000000 nan 0.000000 0.000005 nan 0.000005 0.000005 
108 0.000000 nan 0.000000 0.000005 nan 0.000005 0.000005 
109 0.000000 nan 0.000000 0.000005 nan 0.000005 0.000005 
110 0.000000 nan 0.000000 0.000005 nan 0.000005 0.000005 
111 0.000000 nan 0.000000 0.000005 nan 0.000005 0.000005 
112 0.000000 nan 0.000000 0.000005 nan 0.000005 0.000005 
113 0.000000 nan 0.000000 0.000005 nan 0.000005 0.000005 
114 0.000000 nan 0.000000 0.000005 nan 0.000005 0.000005 
115 0.000000 nan 0.000000 0.000005 nan 0.000005 0.000005 
116 0.000000 nan 0.000000 0.000005 nan 0.000005 0.000005 
117 0.000000 nan 0.000000 0.000005 nan 0.000005 0.000005 
118 0.000000 nan 0.000000 0.000005 nan 0.000005 0.000005 
119 0.000000 nan 0.000000 0.000005 nan 0.000005 0.000005 
120 0.000000 nan 0.000000 0.000005 nan 0.000005 0.000005 
121 0.000000 nan 0.000000 0.000005 nan 0.000005 0.000005 
122 0.000000 nan 0.000000 0.000005 nan 0.000005 0.000005 
123 0.000000 nan 0.000000 0.000005 nan 0.000005 0.000005 
124 0.000000 nan 0.000000 0.000005 nan 0.000005 0.000005 
125 0.000000 nan 0.000000 0.000005 nan 0.000005 0.000005 
126 0.000000 nan 0.000000 0.000005 nan 0.000005 0.000005 
127 0.000000 nan 0.000000 0.000005 nan 0.000005 0.000005 
128 0.000000 nan 0.000000 0.000005 nan 0.000004 0.000005 
129 0.000000 nan 0.000000 0.000005 nan 0.000004 0.000005 
130 0.000000 nan 0.000000 0.000005 nan 0.000004 0.000005 
131 0.000000 nan 0.000000 0.000005 nan 0.000004 0.000005 
132 0.000000 nan 0.000000 0.000005 nan 0.000004 0.000005 
133 0.000000 nan 0.000000 0.000005 nan 0.000004 0.000005 
134 0.000000 nan 0.000000 0.000005 nan 0.000004 0.000005 
135 0.000000 nan 0.000000 0.000005 nan 0.000004 0.000005 
136 0.000000 nan 0.000000 0.000005 nan 0.000004 0.000005 
137 0.000000 nan 0.000000 0.000005 nan 0.000004 0.000005 
138 0.000000 nan 0.000000 0.000005 nan 0.000004 0.000005 
139 0.000000 nan 0.000000 0.000005 nan 0.000004 0.000005 
140 0.000000 nan 0.000000 0.000005 nan 0.000004 0.000005 
141 0.000000 nan 0.000000 0.000005 nan 0.000004 0.000005 
142 0.000000 nan 0.000000 0.000005 nan 0.000004 0.000005 
143 0.000000 nan 0.000000 0.000005 nan 0.000004 0.000005 
144 0.000000 nan 0.000000 0.000005 nan 0.000004 0.000005 
145 0.000000 nan 0.000000 0.000005 nan 0.000004 0.000005 
146 0.000000 nan 0.000000 0.000005 nan 0.000004 0.000005 
147 0.000000 nan 0.000000 0.000005 nan 0.000004 0.000005 
148 0.000000 nan 0.000000 0.000005 nan 0.000004 0.000005 
149 0.000000 nan 0.000000 0.000005 nan 0.000004 0.000005 
150 0.000000 nan 0.000000 0.000005 nan 0.000004 0.000005 
151 0.000000 nan 0.000000 0.000005 nan 0.000004 0.000005 
152 0.000000 nan 0.000000 0.000005 nan 0.000004 0.000005 
153 0.000000 nan 0.000000 0.000005 nan 0.000004 0.000005 
154 0.000000 nan 0.000000 0.000005 nan 0.000004 0.000005 
155 0.000000 nan 0.000000 0.000005 nan 0.000004 0.000005 
156 0.000000 nan 0.000000 0.000005 nan 0.000004 0.000005 
157 0.000000 nan 0.000000 0.000005 nan 0.000004 0.000004 
158 0.000000 nan 0.000000 0.000005 nan 0.000004 0.000004 
159 0.000000 nan 0.000000 0.000005 nan 0.000004 0.000004 
160 0.000000 nan 0.000000 0.000005 nan 0.000004 0.000004 
161 0.000000 nan 0.000000 0.000005 nan 0.000004 0.000004 
162 0.000000 nan 0.000000 0.000005 nan 0.000004 0.000004 
163 0.000000 nan 0.000000 0.000005 nan 0.000004 0.000004 
164 0.000000 nan 0.000000 0.000005 nan 0.000004 0.000004 
165 0.000000 nan 0.000000 0.000005 nan 0.000004 0.000004 
166 0.000000 nan 0.000000 0.000005 nan 0.000004 0.000004 
167 0.000000 nan 0.000000 0.000005 nan 0.000004 0.000004 
168 0.000000 nan 0.000000 0.000005 nan 0.000004 0.000004 
169 0.000000 nan 0.000000 0.000005 nan 0.000004 0.000004 
170 0.000000 nan 0.000000 0.000005 nan 0.000004 0.000004 
171 0.000000 nan 0.000000 0.000005 nan 0.000004 0.000004 
172 0.000000 nan 0.000000 0.000005 nan 0.000004 0.000004 
173 0.000000 nan 0.000000 0.000005 nan 0.000004 0.000004 
174 0.000000 nan 0.000000 0.000005 nan 0.000004 0.000004 
175 0.000000 nan 0.000000 0.000005 nan 0.000004 0.000004 
176 0.000000 nan 0.000000 0.000005 nan 0.000004 0.000004 
177 0.000000 nan 0.000000 0.000005 nan 0.000004 0.000004 
178 0.000000 nan 0.000000 0.000005 nan 0.000004 0.000004 
179 0.000000 nan 0.000000 0.000005 nan 0.000004 0.000004 
180 0.000000 nan 0.000000 0.000005 nan 0.000004 0.000004 
181 0.000000 nan 0.000000 0.000005 nan 0.000004 0.000004 
182 0.000000 nan 0.000000 0.000005 nan 0.000004 0.000004 
183 0.000000 nan 0.000000 0.000005 nan 0.000004 0.000004 
184 0.000000 nan 0.000000 0.000005 nan 0.000004 0.000004 
185 0.000000 nan 0.000000 0.000005 nan 0.000004 0.000004 
186 0.000000 nan 0.000000 0.000005 nan 0.000004 0.000004 
187 0.000000 nan 0.000000 0.000005 nan 0.000004 0.000004 
188 0.000000 nan 0.000000 0.000005 nan 0.000004 0.000004 
189 0.000000 nan 0.000000 0.000005 nan 0.000004 0.000004 
190 0.000000 nan 0.000000 0.000005 nan 0.000004 0.000004 
191 0.000000 nan 0.000000 0.000005 nan 0.000004 0.000004 
192 0.000000 nan 0.000000 0.000005 nan 0.000004 0.000004 
193 0.000000 nan 0.000000 0.000005 nan 0.000004 0.000004 
194 0.000000 nan 0.000000 0.000005 nan 0.000004 0.000004 
195 0.000000 nan 0.000000 0.000005 nan 0.000004 0.000004 
196 0.000000 nan 0.000000 0.000005 nan 0.000004 0.000004 
197 0.000000 nan 0.000000 0.000005 nan 0.000004 0.000004 
198 0.000000 nan 0.000000 0.000005 nan 0.000004 0.000004 
199 0.000000 nan 0.000000 0.000005 nan 0.000004 0.000004 
200 0.000000 nan 0.000000 0.000005 nan 0.000004 0.000004 
201 0.000000 nan 0.000000 0.000005 nan 0.000004 0.000004 
202 0.000000 nan 0.000000 0.000005 nan 0.000004 0.000004 
203 0.000000 nan 0.000000 0.000005 nan 0.000004 0.000004 
204 0.000000 nan 0.000000 0.000005 nan 0.000004 0.000004 
205 0.000000 nan 0.000000 0.000005 nan 0.000004 0.000004 
206 0.000000 nan 0.000000 0.000005 nan 0.000004 0.000004 
207 0.000000 nan 0.000000 0.000005 nan 0.000004 0.000004 
208 0.000000 nan 0.000000 0.000005 nan 0.000004 0.000004 
209 0.000000 nan 0.000000 0.000005 nan 0.000004 0.000004 
210 0.000000 nan 0.000000 0.000004 nan 0.000004 0.000004 
211 0.000000 nan 0.000000 0.000004 nan 0.000004 0.000004 
212 0.000000 nan 0.000000 0.000004 nan 0.000004 0.000004 
213 0.000000 nan 0.000000 0.000004 nan 0.000004 0.000004 
214 0.000000 nan 0.000000 0.000004 nan 0.000004 0.000004 
215 0.000000 nan 0.000000 0.000004 nan 0.000004 0.000004 
216 0.000000 nan 0.000000 0.000004 nan 0.000004 0.000004 
217 0.000000 nan 0.000000 0.000004 nan 0.000004 0.000004 
218 0.000000 nan 0.000000 0.000004 nan 0.000004 0.000004 
219 0.000000 nan 0.000000 0.000004 nan 0.000004 0.000004 
220 0.000000 nan 0.000000 0.000004 nan 0.000004 0.000004 
221 0.000000 nan 0.000000 0.000004 nan 0.000004 0.000004 
222 0.000000 nan 0.000000 0.000004 nan 0.000004 0.000004 
223 0.000000 nan 0.000000 0.000004 nan 0.000004 0.000004 
224 0.000000 nan 0.000000 0.000004 nan 0.000004 0.000004 
225 0.000000 nan 0.000000 0.000004 nan 0.000004 0.000004 
226 0.000000 nan 0.000000 0.000004 nan 0.000004 0.000004 
227 0.000000 nan 0.000000 0.000004 nan 0.000004 0.000004 
228 0.000000 nan 0.000000 0.000004 nan 0.000004 0.000004 
229 0.000000 nan 0.000000 0.000004 nan 0.000004 0.000004 
230 0.000000 nan 0.000000 0.000004 nan 0.000004 0.000004 
231 0.000000 nan 0.000000 0.000004 nan 0.000004 0.000004 
232 0.000000 nan 0.000000 0.000004 nan 0.000004 0.000004 
233 0.000000 nan 0.000000 0.000004 nan 0.000004 0.000004 
234 0.000000 nan 0.000000 0.000004 nan 0.000004 0.000004 
235 0.000000 nan 0.000000 0.000004 nan 0.000004 0.000004 
236 0.000000 nan 0.000000 0.000004 nan 0.000004 0.000004 
237 0.000000 nan 0.000000 0.000004 nan 0.000004 0.000004 
238 0.000000 nan 0.000000 0.000004 nan 0.000004 0.000004 
239 0.000000 nan 0.000000 0.000004 nan 0.000004 0.000004 
240 0.000000 nan 0.000000 0.000004 nan 0.000004 0.000004 
241 0.000000 nan 0.000000 0.000004 nan 0.000004 0.000004 
242 0.000000 nan 0.000000 0.000004 nan 0.000004 0.000004 
243 0.000000 nan 0.000000 0.000004 nan 0.000004 0.000004 
244 0.000000 nan 0.000000 0.000004 nan 0.000004 0.000004 
245 0.000000 nan 0.000000 0.000004 nan 0.000004 0.000004 
246 0.000000 nan 0.000000 0.000004 nan 0.000004 0.000004 
247 0.000000 nan 0.000000 0.000004 nan 0.000004 0.000004 
248 0.000000 nan 0.000000 0.000004 nan 0.000004 0.000004 
249 0.000000 nan 0.000000 0.000004 nan 0.000004 0.000004 
250 0.000000 nan 0.000000 0.000004 nan 0.000004 0.000004 
251 0.000000 nan 0.000000 0.000004 nan 0.000004 0.000004 
252 0.000000 nan 0.000000 0.000004 nan 0.000004 0.000004 
253 0.000000 nan 0.000000 0.000004 nan 0.000004 0.000004 
254 0.000000 nan 0.000000 0.000004 nan 0.000004 0.000004 
255 0.000000 nan 0.000000 0.000004 nan 0.000004 0.000004 
256 0.000000 nan 0.000000 0.000004 nan 0.000004 0.000004 
257 0.000000 nan 0.000000 0.000004 nan 0.000004 0.000004 
258 0.000000 nan 0.000000 0.000004 nan 0.000004 0.000004 
259 0.000000 nan 0.000000 0.000004 nan 0.000004 0.000004 
260 0.000000 nan 0.000000 0.000004 nan 0.000004 0.000004 
261 0.000000 nan 0.000000 0.000004 nan 0.000004 0.000004 
262 0.000000 nan 0.000000 0.000004 nan 0.000004 0.000004 
263 0.000000 nan 0.000000 0.000004 nan 0.000004 0.000004 
264 0.000000 nan 0.000000 0.000004 nan 0.000004 0.000004 
265 0.000000 nan 0.000000 0.000004 nan 0.000004 0.000004 
266 0.000000 nan 0.000000 0.000004 nan 0.000004 0.000004 
267 0.000000 nan 0.000000 0.000004 nan 0.000004 0.000004 
268 0.000000 nan 0.000000 0.000004 nan 0.000004 0.000004 
269 0.000000 nan 0.000000 0.000004 nan 0.000004 0.000004 
270 0.000000 nan 0.000000 0.000004 nan 0.000004 0.000004 
271 0.000000 nan 0.000000 0.000004 nan 0.000004 0.000004 
272 0.000000 nan 0.000000 0.000004 nan 0.000004 0.000004 
273 0.000000 nan 0.000000 0.000004 nan 0.000004 0.000004 
274 0.000000 nan 0.000000 0.000004 nan 0.000004 0.000004 
275 0.000000 nan 0.000000 0.000004 nan 0.000004 0.000004 
276 0.000000 nan 0.000000 0.000004 nan 0.000004 0.000004 
277 0.000000 nan 0.000000 0.000004 nan 0.000004 0.000004 
278 0.000000 nan 0.000000 0.000004 nan 0.000004 0.000004 
279 0.000000 nan 0.000000 0.000004 nan 0.000004 0.000004 
280 0.000000 nan 0.000000 0.000004 nan 0.000004 0.000004 
281 0.000000 nan 0.000000 0.000004 nan 0.000004 0.000004 
282 0.000000 nan 0.000000 0.000004 nan 0.000004 0.000004 
283 0.000000 nan 0.000000 0.000004 nan 0.000004 0.000004 
284 0.000000 nan 0.000000 0.000004 nan 0.000004 0.000004 
285 0.000000 nan 0.000000 0.000004 nan 0.000004 0.000004 
286 0.000000 nan 0.000000 0.000004 nan 0.000004 0.000004 
287 0.000000 nan 0.000000 0.000004 nan 0.000004 0.000004 
288 0.000000 nan 0.000000 0.000004 nan 0.000004 0.000004 
289 0.000000 nan 0.000000 0.000004 nan 0.000004 0.000004 
290 0.000000 nan 0.000000 0.000004 nan 0.000004 0.000004 
291 0.000000 nan 0.000000 0.000004 nan 0.000003 0.000004 
292 0.000000 nan 0.000000 0.000004 nan 0.000003 0.000004 
293 0.000000 nan 0.000000 0.000004 nan 0.000003 0.000004 
294 0.000000 nan 0.000000 0.000004 nan 0.000003 0.000004 
295 0.000000 nan 0.000000 0.000004 nan 0.000003 0.000004 
296 0.000000 nan 0.000000 0.000004 nan 0.000003 0.000004 
297 0.000000 nan 0.000000 0.000004 nan 0.000003 0.000004 
298 0.000000 nan 0.000000 0.000004 nan 0.000003 0.000004 
299 0.000000 nan 0.000000 0.000004 nan 0.000003 0.000004 
300 0.000000 nan 0.000000 0.000004 nan 0.000003 0.000004 
301 0.000000 nan 0.000000 0.000004 nan 0.000003 0.000004 
302 0.000000 nan 0.000000 0.000004 nan 0.000003 0.000004 
303 0.000000 nan 0.000000 0.000004 nan 0.000003 0.000004 
304 0.000000 nan 0.000000 0.000004 nan 0.000003 0.000004 
305 0.000000 nan 0.000000 0.000004 nan 0.000003 0.000004 
306 0.000000 nan 0.000000 0.000004 nan 0.000003 0.000004 
307 0.000000 nan 0.000000 0.000004 nan 0.000003 0.000004 
308 0.000000 nan 0.000000 0.000004 nan 0.000003 0.000004 
309 0.000000 nan 0.000000 0.000004 nan 0.000003 0.000004 
310 0.000000 nan 0.000000 0.000004 nan 0.000003 0.000004 
311 0.000000 nan 0.000000 0.000004 nan 0.000003 0.000004 
312 0.000000 nan 0.000000 0.000004 nan 0.000003 0.000004 
313 0.000000 nan 0.000000 0.000004 nan 0.000003 0.000004 
314 0.000000 nan 0.000000 0.000004 nan 0.000003 0.000004 
315 0.000000 nan 0.000000 0.000004 nan 0.000003 0.000004 
316 0.000000 nan 0.000000 0.000004 nan 0.000003 0.000004 
317 0.000000 nan 0.000000 0.000004 nan 0.000003 0.000004 
318 0.000000 nan 0.000000 0.000004 nan 0.000003 0.000004 
319 0.000000 nan 0.000000 0.000004 nan 0.000003 0.000004 
320 0.000000 nan 0.000000 0.000004 nan 0.000003 0.000004 
321 0.000000 nan 0.000000 0.000004 nan 0.000003 0.000004 
322 0.000000 nan 0.000000 0.000004 nan 0.000003 0.000004 
323 0.000000 nan 0.000000 0.000004 nan 0.000003 0.000004 
324 0.000000 nan 0.000000 0.000004 nan 0.000003 0.000004 
325 0.000000 nan 0.000000 0.000004 nan 0.000003 0.000004 
326 0.000000 nan 0.000000 0.000004 nan 0.000003 0.000004 
327 0.000000 nan 0.000000 0.000004 nan 0.000003 0.000004 
328 0.000000 nan 0.000000 0.000004 nan 0.000003 0.000004 
329 0.000000 nan 0.000000 0.000004 nan 0.000003 0.000004 
330 0.000000 nan 0.000000 0.000004 nan 0.000003 0.000004 
331 0.000000 nan 0.000000 0.000004 nan 0.000003 0.000004 
332 0.000000 nan 0.000000 0.000004 nan 0.000003 0.000004 
333 0.000000 nan 0.000000 0.000004 nan 0.000003 0.000004 
334 0.000000 nan 0.000000 0.000004 nan 0.000003 0.000004 
335 0.000000 nan 0.000000 0.000004 nan 0.000003 0.000004 
