#### 	 Vertical City Weather Generator (VCWG)  	 #### 
# Latent heat fluxes at the surfaces 
# 0:time [hr] 1:LEfluxRoofImp [W m^-2] 2:LEfluxRoofVegInt [W m^-2] 3:LEfluxRoofVegPond [W m^-2] 4:LEfluxRoofVegSoil [W m^-2] 5:LTEfluxRoofVeg [W m^-2] 6:LEfluxRoofVeg [W m^-2] 7:LEfluxRoof [W m^-2] 8:LEfluxGroundImp [W m^-2] 9:LEfluxGroundBarePond [W m^-2] 10:LEfluxGroundBareSoil [W m^-2] 11:LEfluxGroundBare 12:LEfluxGroundVegInt 13:LEfluxGroundVegPond [W m^-2] 14:LEfluxGroundVegSoil [W m^-2] 15:LTEfluxGroundVeg [W m^-2] 16:LEfluxGroundVeg [W m^-2] 17:LEfluxGround [W m^-2] 18:LEfluxTreeInt [W m^-2] 19:LTEfluxTree [W m^-2] 20:LEfluxTree [W m^-2] 21:LEfluxWallSun [W m^-2] 22:LEfluxWallShade [W m^-2] 23:LEfluxCanyon [W m^-2] 24:LEfluxRural [W m^-2] 25:LEfluxUrban [W m^-2] 
0 0.000000 nan nan nan nan nan 0.000000 0.000000 nan nan nan 0.000000 0.000000 0.012970 33.874961 33.887931 16.943966 0.000000 9.360218 9.360218 0.000000 0.000000 20.029752 -4.068904 12.532360 
1 0.000000 nan nan nan nan nan 0.000000 0.000000 nan nan nan 0.000000 0.000000 0.012559 29.674400 29.686959 14.843479 0.000000 7.994213 7.994213 0.000000 0.000000 17.478934 -3.708194 10.880786 
2 0.000000 nan nan nan nan nan 0.000000 0.000000 nan nan nan 0.000000 0.000000 0.012205 26.961012 26.973218 13.486609 0.000000 7.243240 7.243240 0.000000 0.000000 15.874490 -3.594612 9.876525 
3 0.000000 nan nan nan nan nan 0.000000 0.000000 nan nan nan 0.000000 0.000000 0.012067 24.504628 24.516695 12.258347 0.000000 5.917198 5.917198 0.000000 0.000000 14.209072 -6.264379 8.659553 
4 0.000000 nan nan nan nan nan 0.000000 0.000000 nan nan nan 0.000000 0.000000 0.011748 27.660606 27.672354 13.836177 0.000000 21.810746 21.810746 0.000000 0.000000 21.026532 -1.636995 16.983612 
5 0.000000 nan nan nan nan nan 0.000000 0.000000 nan nan nan 0.000000 0.000000 0.011281 69.357968 69.369249 34.684624 0.000000 43.166007 43.166007 0.000000 0.000000 48.915176 17.960022 37.091139 
6 0.000000 nan nan nan nan nan 0.000000 0.000000 nan nan nan 0.000000 0.000000 0.010825 65.330419 65.341244 32.670622 0.000000 47.804696 47.804696 0.000000 0.000000 48.430412 25.585258 38.341644 
7 0.000000 nan nan nan nan nan 0.000000 0.000000 nan nan nan 0.000000 0.000000 0.010310 79.184230 79.194541 39.597270 0.000000 56.897129 56.897129 0.000000 0.000000 58.354566 35.804059 45.973772 
8 0.000000 nan nan nan nan nan 0.000000 0.000000 nan nan nan 0.000000 0.000000 0.009706 98.440243 98.449949 49.224975 0.000000 70.663545 70.663545 0.000000 0.000000 72.520649 58.457873 57.119661 
9 0.000000 nan nan nan nan nan 0.000000 0.000000 nan nan nan 0.000000 0.000000 0.008870 118.175036 118.183906 59.091953 0.000000 93.320758 93.320758 0.000000 0.000000 89.857038 90.790620 72.615480 
10 0.000000 nan nan nan nan nan 0.000000 0.000000 nan nan nan 0.000000 0.000000 0.008026 157.775151 157.783178 78.891589 0.000000 154.512570 154.512570 0.000000 0.000000 129.829799 195.145004 111.203029 
11 0.000000 nan nan nan nan nan 0.000000 0.000000 nan nan nan 0.000000 0.000000 0.006980 149.733888 149.740868 74.870434 0.000000 206.469921 206.469921 0.000000 0.000000 142.937441 251.563359 134.041740 
12 0.000000 nan nan nan nan nan 0.000000 0.000000 nan nan nan 0.000000 0.000000 0.006051 82.863505 82.869556 41.434778 0.000000 203.806615 203.806615 0.000000 0.000000 108.623772 189.558786 116.842758 
13 0.000000 nan nan nan nan nan 0.000000 0.000000 nan nan nan 0.000000 0.000000 0.005445 14.204778 14.210223 7.105111 0.000000 209.201503 209.201503 0.000000 0.000000 76.072640 165.759698 103.057078 
14 0.000000 nan nan nan nan nan 0.000000 0.000000 nan nan nan 0.000000 0.000000 0.004900 10.969895 10.974795 5.487397 0.000000 170.134139 170.134139 0.000000 0.000000 61.575575 109.348706 83.673088 
15 0.000000 nan nan nan nan nan 0.000000 0.000000 nan nan nan 0.000000 0.000000 0.004483 9.203234 9.207717 4.603858 0.000000 132.386699 132.386699 0.000000 0.000000 48.247825 69.587107 65.267753 
16 0.000000 nan nan nan nan nan 0.000000 0.000000 nan nan nan 0.000000 0.000000 0.004352 7.171710 7.176062 3.588031 0.000000 90.715165 90.715165 0.000000 0.000000 33.494129 22.212312 44.929795 
17 0.000000 nan nan nan nan nan 0.000000 0.000000 nan nan nan 0.000000 0.000000 0.004398 7.752093 7.756491 3.878246 0.000000 68.689900 68.689900 0.000000 0.000000 26.523267 9.862700 34.574352 
18 0.000000 nan nan nan nan nan 0.000000 0.000000 nan nan nan 0.000000 0.000000 0.004511 5.287519 5.292030 2.646015 0.000000 35.187222 35.187222 0.000000 0.000000 14.246198 -6.515234 18.025259 
19 0.000000 nan nan nan nan nan 0.000000 0.000000 nan nan nan 0.000000 0.000000 0.004591 4.492138 4.496729 2.248365 0.000000 6.869448 6.869448 0.000000 0.000000 4.513018 -9.841317 4.344089 
20 0.000000 nan nan nan nan nan 0.000000 0.000000 nan nan nan 0.000000 0.000000 0.004674 12.168618 12.173292 6.086646 0.000000 6.120561 6.120561 0.000000 0.000000 8.104413 -7.328435 5.815999 
21 0.000000 nan nan nan nan nan 0.000000 0.000000 nan nan nan 0.000000 0.000000 0.004856 13.923729 13.928585 6.964293 0.000000 5.979029 5.979029 0.000000 0.000000 8.935401 -5.036365 6.166713 
22 0.000000 nan nan nan nan nan 0.000000 0.000000 nan nan nan 0.000000 0.000000 0.004962 14.620025 14.624988 7.312494 0.000000 5.668544 5.668544 0.000000 0.000000 9.181245 -4.086616 6.184683 
23 0.000000 nan nan nan nan nan 0.000000 0.000000 nan nan nan 0.000000 0.000000 0.005050 15.687318 15.692368 7.846184 0.000000 5.984090 5.984090 0.000000 0.000000 9.818961 -3.856242 6.589293 
24 0.000000 nan nan nan nan nan 0.000000 0.000000 nan nan nan 0.000000 0.000000 0.005059 15.713759 15.718818 7.859409 0.000000 5.676235 5.676235 0.000000 0.000000 9.730695 -3.650341 6.448919 
25 0.000000 nan nan nan nan nan 0.000000 0.000000 nan nan nan 0.000000 0.000000 0.005090 15.675244 15.680334 7.840167 0.000000 5.335838 5.335838 0.000000 0.000000 9.599234 -4.429281 6.277573 
26 0.000000 nan nan nan nan nan 0.000000 0.000000 nan nan nan 0.000000 0.000000 0.005207 15.840029 15.845236 7.922618 0.000000 4.902656 4.902656 0.000000 0.000000 9.538878 -5.074073 6.110471 
27 0.000000 nan nan nan nan nan 0.000000 0.000000 nan nan nan 0.000000 0.000000 0.005175 15.640715 15.645890 7.822945 0.000000 5.024102 5.024102 0.000000 0.000000 9.479242 -5.521201 6.120844 
28 0.000000 nan nan nan nan nan 0.000000 0.000000 nan nan nan 0.000000 0.000000 0.005256 17.627014 17.632270 8.816135 0.000000 17.509179 17.509179 0.000000 0.000000 14.588392 -3.052518 12.542427 
29 0.000000 nan nan nan nan nan 0.000000 0.000000 nan nan nan 0.000000 0.000000 0.005220 42.750521 42.755741 21.377870 0.000000 34.631754 34.631754 0.000000 0.000000 32.794932 5.288071 26.685214 
30 0.000000 nan nan nan nan nan 0.000000 0.000000 nan nan nan 0.000000 0.000000 0.005130 61.042202 61.047332 30.523666 0.000000 45.021541 45.021541 0.000000 0.000000 45.365932 17.613404 35.992742 
31 0.000000 nan nan nan nan nan 0.000000 0.000000 nan nan nan 0.000000 0.000000 0.004885 88.249872 88.254757 44.127378 0.000000 66.037574 66.037574 0.000000 0.000000 65.898007 49.315827 52.486967 
32 0.000000 nan nan nan nan nan 0.000000 0.000000 nan nan nan 0.000000 0.000000 0.004440 97.590901 97.595341 48.797671 0.000000 101.296096 101.296096 0.000000 0.000000 82.191988 99.813171 71.510643 
33 0.000000 nan nan nan nan nan 0.000000 0.000000 nan nan nan 0.000000 0.000000 0.004125 85.870986 85.875111 42.937555 0.000000 122.046167 122.046167 0.000000 0.000000 83.172555 113.446247 78.604810 
34 0.000000 nan nan nan nan nan 0.000000 0.000000 nan nan nan 0.000000 0.000000 0.003712 19.919373 19.923085 9.961542 0.000000 140.630241 140.630241 0.000000 0.000000 56.323160 124.364404 71.747918 
35 0.000000 nan nan nan nan nan 0.000000 0.000000 nan nan nan 0.000000 0.000000 0.003328 18.208166 18.211494 9.105747 0.000000 167.745241 167.745241 0.000000 0.000000 64.406376 138.495785 84.258848 
36 0.000000 nan nan nan nan nan 0.000000 0.000000 nan nan nan 0.000000 0.000000 0.002969 16.291016 16.293985 8.146993 0.000000 183.179585 183.179585 0.000000 0.000000 68.535867 134.020146 91.155595 
37 0.000000 nan nan nan nan nan 0.000000 0.000000 nan nan nan 0.000000 0.000000 0.002630 14.499082 14.501713 7.250856 0.000000 180.607506 180.607506 0.000000 0.000000 66.791792 108.199956 89.503199 
38 0.000000 nan nan nan nan nan 0.000000 0.000000 nan nan nan 0.000000 0.000000 0.002440 13.913778 13.916218 6.958109 0.000000 170.164494 170.164494 0.000000 0.000000 63.056294 94.182786 84.388256 
39 0.000000 nan nan nan nan nan 0.000000 0.000000 nan nan nan 0.000000 0.000000 0.002221 13.167543 13.169765 6.584882 0.000000 146.567611 146.567611 0.000000 0.000000 54.903875 60.741316 72.967942 
40 0.000000 nan nan nan nan nan 0.000000 0.000000 nan nan nan 0.000000 0.000000 0.002155 13.274844 13.276999 6.638500 0.000000 127.106746 127.106746 0.000000 0.000000 48.541822 26.966791 63.721557 
41 0.000000 nan nan nan nan nan 0.000000 0.000000 nan nan nan 0.000000 0.000000 0.002104 10.612284 10.614389 5.307194 0.000000 82.302710 82.302710 0.000000 0.000000 32.439956 -1.278990 41.740844 
42 0.000000 nan nan nan nan nan 0.000000 0.000000 nan nan nan 0.000000 0.000000 0.002131 4.238840 4.240971 2.120485 0.000000 35.286551 35.286551 0.000000 0.000000 13.753414 -13.305607 17.822201 
43 0.000000 nan nan nan nan nan 0.000000 0.000000 nan nan nan 0.000000 0.000000 0.002246 2.683384 2.685629 1.342815 0.000000 6.476610 6.476610 0.000000 0.000000 3.477961 -20.107308 3.725485 
44 -0.282532 nan nan nan nan nan -0.282532 0.000000 nan nan nan 0.000000 0.000000 0.002353 1.943259 1.945611 0.972806 0.000000 3.875234 3.875234 0.000000 0.000000 2.250355 -18.774124 2.161877 
45 -1.166725 nan nan nan nan nan -1.166725 0.000000 nan nan nan 0.000000 0.000000 0.002193 0.523942 0.526135 0.263068 0.000000 1.059284 1.059284 0.000000 0.000000 0.612282 -18.096564 0.019171 
46 -1.970465 nan nan nan nan nan -1.970465 -0.069276 nan nan nan -0.000000 -0.000871 0.000000 -0.007434 -0.008305 -0.038791 0.000000 0.132319 0.132319 0.000000 0.000000 0.004831 -16.215203 -0.987097 
47 -1.395232 nan nan nan nan nan -1.395232 -0.000000 nan nan nan 0.000000 0.000000 0.002666 0.544545 0.547211 0.273606 -0.000000 -0.223456 -0.223456 0.000000 0.000000 0.199939 -14.658093 -0.706595 
48 -0.825928 nan nan nan nan nan -0.825928 -0.000000 nan nan nan 0.000000 0.000000 0.002609 1.092371 1.094980 0.547490 -0.000000 -0.475919 -0.475919 0.000000 0.000000 0.390594 -14.747171 -0.398324 
49 -2.220511 nan nan nan nan nan -2.220511 0.000000 nan nan nan 0.000000 0.000000 0.002865 1.307108 1.309973 0.654986 -0.000000 -0.448865 -0.448865 0.000000 0.000000 0.507009 -14.046911 -1.064367 
50 -1.753292 nan nan nan nan nan -1.753292 0.000000 nan nan nan 0.000000 0.000000 0.002914 1.494906 1.497819 0.748910 0.000000 0.110495 0.110495 0.000000 0.000000 0.785336 -13.567181 -0.508500 
51 -2.177529 nan nan nan nan nan -2.177529 0.000000 nan nan nan 0.000000 0.000000 0.002965 2.295076 2.298041 1.149020 0.000000 2.481560 2.481560 0.000000 0.000000 1.967117 -11.616331 0.589685 
52 -1.266280 nan nan nan nan nan -1.266280 0.000000 nan nan nan 0.000000 0.000000 0.003046 24.817728 24.820775 12.410387 0.000000 17.510772 17.510772 0.000000 0.000000 18.183169 -7.998861 13.592657 
53 0.557434 nan nan nan nan nan 0.557434 0.000000 nan nan nan 0.000000 0.000000 0.002932 71.758021 71.760953 35.880476 0.000000 47.502302 47.502302 0.000000 0.000000 51.540576 11.549219 40.018723 
54 37.493723 nan nan nan nan nan 37.493723 0.000000 nan nan nan 0.000000 0.000000 0.002830 84.370576 84.373406 42.186703 0.000000 64.826531 64.826531 0.000000 0.000000 63.558087 34.063439 70.615584 
55 0.000000 nan nan nan nan nan 0.000000 0.000000 nan nan nan 0.000000 0.000000 0.002659 108.151083 108.153742 54.076871 0.000000 100.895308 100.895308 0.000000 0.000000 87.339060 81.873769 73.834913 
56 0.000000 nan nan nan nan nan 0.000000 0.000000 nan nan nan 0.000000 0.000000 0.002424 107.713694 107.716118 53.858059 0.000000 125.129581 125.129581 0.000000 0.000000 95.109569 100.314009 85.276834 
57 0.000000 nan nan nan nan nan 0.000000 0.000000 nan nan nan 0.000000 0.000000 0.002254 109.834005 109.836259 54.918129 0.000000 133.540674 133.540674 0.000000 0.000000 98.942527 104.831458 89.789273 
58 0.000000 nan nan nan nan nan 0.000000 0.000000 nan nan nan 0.000000 0.000000 0.002095 105.181488 105.183582 52.591791 0.000000 133.981121 133.981121 0.000000 0.000000 96.761392 100.591806 88.890759 
59 0.000000 nan nan nan nan nan 0.000000 0.000000 nan nan nan 0.000000 0.000000 0.001973 112.282532 112.284505 56.142253 0.000000 144.541562 144.541562 0.000000 0.000000 103.793317 115.200358 95.613754 
60 0.000000 nan nan nan nan nan 0.000000 0.000000 nan nan nan 0.000000 0.000000 0.001825 99.261227 99.263051 49.631526 0.000000 134.991039 134.991039 0.000000 0.000000 94.134066 94.011766 87.961536 
61 0.000000 nan nan nan nan nan 0.000000 0.000000 nan nan nan 0.000000 0.000000 0.001730 96.328486 96.330216 48.165108 0.000000 129.705254 129.705254 0.000000 0.000000 90.925082 88.391230 84.744518 
62 0.000000 nan nan nan nan nan 0.000000 0.000000 nan nan nan 0.000000 0.000000 0.001622 88.439868 88.441490 44.220745 0.000000 118.734742 118.734742 0.000000 0.000000 83.364067 73.788179 77.638478 
63 0.000000 nan nan nan nan nan 0.000000 0.000000 nan nan nan 0.000000 0.000000 0.001537 93.730642 93.732178 46.866089 0.000000 129.604214 129.604214 0.000000 0.000000 89.592753 85.214725 84.077474 
64 0.000000 nan nan nan nan nan 0.000000 0.000000 nan nan nan 0.000000 0.000000 0.001470 67.403438 67.404908 33.702454 0.000000 116.526958 116.526958 0.000000 0.000000 72.117935 49.318222 71.575270 
65 0.000000 nan nan nan nan nan 0.000000 0.000000 nan nan nan 0.000000 0.000000 0.001435 42.459464 42.460899 21.230450 0.000000 72.988083 72.988083 0.000000 0.000000 45.292455 11.223487 44.889458 
66 0.000000 nan nan nan nan nan 0.000000 0.000000 nan nan nan 0.000000 0.000000 0.001438 2.821121 2.822559 1.411279 0.000000 23.501379 23.501379 0.000000 0.000000 9.158987 -12.716277 11.869382 
67 0.000000 nan nan nan nan nan 0.000000 0.000000 nan nan nan 0.000000 0.000000 0.001530 1.885737 1.887267 0.943633 0.000000 2.831249 2.831249 0.000000 0.000000 1.877012 -21.932858 1.798504 
68 -0.214845 nan nan nan nan nan -0.214845 0.000000 nan nan nan 0.000000 0.000000 0.001546 1.188070 1.189616 0.594808 0.000000 0.415690 0.415690 0.000000 0.000000 0.731849 -19.734316 0.368957 
69 -5.025854 nan nan nan nan nan -5.025854 0.000000 nan nan nan 0.000000 0.000000 0.001504 0.205845 0.207349 0.103675 -0.000000 -1.294953 -1.294953 0.000000 0.000000 -0.323233 -16.067849 -3.198910 
70 -0.690293 nan nan nan nan nan -0.690293 -0.122645 nan nan nan -0.000000 -0.258416 0.000000 -0.365194 -0.623610 -0.373127 -0.000000 -3.192953 -3.192953 0.000000 0.000000 -1.425749 -17.167835 -2.060432 
71 -8.208697 nan nan nan nan nan -8.208697 -0.323854 nan nan nan -0.000000 -0.328363 0.000000 -0.460164 -0.788526 -0.556190 -0.000000 -3.384509 -3.384509 0.000000 0.000000 -1.671962 -15.112964 -6.175253 
72 -1.559488 nan nan nan nan nan -1.559488 -0.072200 nan nan nan -0.000000 -0.076479 0.000000 -0.103523 -0.180002 -0.126101 -0.000000 -2.320360 -2.320360 0.000000 0.000000 -0.891055 -14.392656 -1.982078 
73 -1.246827 nan nan nan nan nan -1.246827 -0.159148 nan nan nan 0.000000 0.000000 0.002096 0.055918 0.058014 -0.050567 -0.000000 -2.697885 -2.697885 0.000000 0.000000 -0.939979 -15.623420 -1.962261 
74 -1.729991 nan nan nan nan nan -1.729991 -0.308377 nan nan nan -0.000000 -0.047631 0.000000 -0.062463 -0.110094 -0.209236 -0.000000 -3.137842 -3.137842 0.000000 0.000000 -1.243689 -15.715927 -2.500435 
75 -2.528657 nan nan nan nan nan -2.528657 -0.418218 nan nan nan -0.000000 -0.092186 0.000000 -0.126607 -0.218794 -0.318506 -0.000000 -2.746269 -2.746269 0.000000 0.000000 -1.223870 -14.814658 -2.784085 
76 -0.028583 nan nan nan nan nan -0.028583 8.435933 nan nan nan 0.000000 0.000000 0.002055 9.949866 9.951922 9.193927 0.000000 12.287220 12.287220 0.000000 0.000000 13.244659 -8.048352 10.219508 
77 -0.048951 nan nan nan nan nan -0.048951 0.000000 nan nan nan 0.000000 0.000000 0.001995 61.216529 61.218524 30.609262 0.000000 44.589135 44.589135 0.000000 0.000000 45.308977 11.931314 35.801880 
78 40.649723 nan nan nan nan nan 40.649723 0.000000 nan nan nan 0.000000 0.000000 0.001931 77.484926 77.486857 38.743428 0.000000 82.456105 82.456105 0.000000 0.000000 65.926760 64.246890 79.026858 
79 0.000000 nan nan nan nan nan 0.000000 0.000000 nan nan nan 0.000000 0.000000 0.001814 102.771072 102.772886 51.386443 0.000000 127.612721 127.612721 0.000000 0.000000 93.456571 123.436725 85.282324 
80 -0.000000 nan nan nan nan nan 0.000000 0.000000 nan nan nan 0.000000 0.000000 0.001646 126.025496 126.027142 63.013571 0.000000 173.222289 173.222289 0.000000 0.000000 120.119820 191.455349 112.552164 
81 -0.000000 nan nan nan nan nan 0.000000 0.000000 nan nan nan 0.000000 0.000000 0.001467 139.100310 139.101777 69.550888 0.000000 212.611804 212.611804 0.000000 0.000000 139.642692 257.348749 134.433534 
82 -0.000000 nan nan nan nan nan 0.000000 0.000000 nan nan nan 0.000000 0.000000 0.001299 156.917429 156.918728 78.459364 0.000000 241.953518 241.953518 0.000000 0.000000 158.224260 301.466631 152.657446 
83 -0.000000 nan nan nan nan nan 0.000000 0.000000 nan nan nan 0.000000 0.000000 0.001119 173.472856 173.473975 86.736987 0.000000 274.614742 274.614742 0.000000 0.000000 177.269320 321.142172 172.162342 
84 -0.000000 nan nan nan nan nan 0.000000 0.000000 nan nan nan 0.000000 0.000000 0.000956 177.211947 177.212903 88.606451 0.000000 299.957091 299.957091 0.000000 0.000000 187.493404 296.575861 185.127133 
85 -0.000000 nan nan nan nan nan 0.000000 0.000000 nan nan nan 0.000000 0.000000 0.000812 168.329889 168.330702 84.165351 0.000000 314.673024 314.673024 0.000000 0.000000 187.903710 252.505941 190.022472 
86 -0.000000 nan nan nan nan nan 0.000000 0.000000 nan nan nan 0.000000 0.000000 0.000687 75.951423 75.952111 37.976055 0.000000 247.946212 247.946212 0.000000 0.000000 119.716565 149.332161 136.224745 
87 -0.000000 nan nan nan nan nan 0.000000 0.000000 nan nan nan 0.000000 0.000000 0.000633 20.918874 20.919507 10.459754 0.000000 201.896621 201.896621 0.000000 0.000000 77.019079 99.592506 101.175027 
88 -0.000000 nan nan nan nan nan 0.000000 0.000000 nan nan nan 0.000000 0.000000 0.000611 14.015070 14.015682 7.007841 0.000000 180.481613 180.481613 0.000000 0.000000 66.507274 55.988726 89.327436 
89 -0.000000 nan nan nan nan nan 0.000000 0.000000 nan nan nan 0.000000 0.000000 0.000614 9.124747 9.125361 4.562680 0.000000 102.178786 102.178786 0.000000 0.000000 38.247995 23.037194 50.855882 
90 -0.000000 nan nan nan nan nan 0.000000 0.000000 nan nan nan 0.000000 0.000000 0.000620 4.056842 4.057463 2.028731 0.000000 36.584732 36.584732 0.000000 0.000000 14.089632 -7.022581 18.396991 
91 -0.000000 nan nan nan nan nan 0.000000 0.000000 nan nan nan 0.000000 0.000000 0.000667 1.835039 1.835705 0.917853 0.000000 7.009640 7.009640 0.000000 0.000000 3.228723 -15.004017 3.776973 
92 -0.000000 nan nan nan nan nan 0.000000 0.000000 nan nan nan 0.000000 0.000000 0.000707 1.320830 1.321537 0.660768 0.000000 5.763443 5.763443 0.000000 0.000000 2.560805 -14.582040 3.060750 
93 -0.000000 nan nan nan nan nan 0.000000 0.000000 nan nan nan 0.000000 0.000000 0.000744 1.192548 1.193292 0.596646 0.000000 3.460273 3.460273 0.000000 0.000000 1.737395 -14.723738 1.932878 
94 -0.000000 nan nan nan nan nan 0.000000 0.000000 nan nan nan 0.000000 0.000000 0.000779 0.986627 0.987406 0.493703 0.000000 2.610857 2.610857 0.000000 0.000000 1.354425 -14.655349 1.479136 
95 -0.000000 nan nan nan nan nan 0.000000 0.000000 nan nan nan 0.000000 0.000000 0.000780 6.047714 6.048494 3.024247 0.000000 4.209556 4.209556 0.000000 0.000000 4.412013 -8.627579 3.446472 
96 -0.000000 nan nan nan nan nan 0.000000 0.000000 nan nan nan 0.000000 0.000000 0.000810 8.910245 8.911056 4.455528 0.000000 5.076606 5.076606 0.000000 0.000000 6.129134 -9.225079 4.541488 
97 -0.000000 nan nan nan nan nan 0.000000 0.000000 nan nan nan 0.000000 0.000000 0.000855 8.121778 8.122633 4.061316 0.000000 3.997330 3.997330 0.000000 0.000000 5.379118 -10.109594 3.839460 
98 -0.000000 nan nan nan nan nan 0.000000 0.000000 nan nan nan 0.000000 0.000000 0.000866 8.833028 8.833894 4.416947 0.000000 4.425781 4.425781 0.000000 0.000000 5.875996 -8.192973 4.213027 
99 -0.393254 nan nan nan nan nan -0.393254 0.000000 nan nan nan 0.000000 0.000000 0.000909 9.107907 9.108816 4.554408 0.000000 4.064807 4.064807 0.000000 0.000000 5.894454 -8.693651 3.900645 
100 0.319725 nan nan nan nan nan 0.319725 0.000000 nan nan nan 0.000000 0.000000 0.000920 29.699188 29.700107 14.850054 0.000000 25.739657 25.739657 0.000000 0.000000 23.335655 -0.600027 19.505949 
101 -0.000000 nan nan nan nan nan -0.000000 0.000000 nan nan nan 0.000000 0.000000 0.000911 45.118103 45.119014 22.559507 0.000000 48.933098 48.933098 0.000000 0.000000 38.691297 21.115758 34.061922 
102 0.000000 nan nan nan nan nan 0.000000 0.000000 nan nan nan 0.000000 0.000000 0.000890 64.038120 64.039010 32.019505 0.000000 96.788314 96.788314 0.000000 0.000000 63.927740 66.875823 61.369170 
103 0.000000 nan nan nan nan nan 0.000000 0.000000 nan nan nan 0.000000 0.000000 0.000841 85.422388 85.423229 42.711615 0.000000 144.417425 144.417425 0.000000 0.000000 90.321755 124.996911 89.155721 
104 0.000000 nan nan nan nan nan 0.000000 0.000000 nan nan nan 0.000000 0.000000 0.000763 105.155817 105.156580 52.578290 0.000000 198.623729 198.623729 0.000000 0.000000 118.058640 184.742396 119.682637 
105 0.000000 nan nan nan nan nan 0.000000 0.000000 nan nan nan 0.000000 0.000000 0.000687 132.748978 132.749665 66.374833 0.000000 238.446355 238.446355 0.000000 0.000000 144.983521 233.226853 145.228943 
106 0.000000 nan nan nan nan nan 0.000000 0.000000 nan nan nan 0.000000 0.000000 0.000601 154.578684 154.579285 77.289642 0.000000 260.203368 260.203368 0.000000 0.000000 163.070973 246.861490 160.795099 
107 0.000000 nan nan nan nan nan 0.000000 0.000000 nan nan nan 0.000000 0.000000 0.000515 163.377729 163.378244 81.689122 0.000000 270.027388 270.027388 0.000000 0.000000 170.709140 234.204994 167.571740 
108 0.000000 nan nan nan nan nan 0.000000 0.000000 nan nan nan 0.000000 0.000000 0.000435 171.976590 171.977024 85.988512 0.000000 300.633356 300.633356 0.000000 0.000000 185.098410 249.290616 184.202042 
109 0.000000 nan nan nan nan nan 0.000000 0.000000 nan nan nan 0.000000 0.000000 0.000361 163.178887 163.179249 81.589624 0.000000 292.861880 292.861880 0.000000 0.000000 178.137497 189.488859 178.403597 
110 0.000000 nan nan nan nan nan 0.000000 0.000000 nan nan nan 0.000000 0.000000 0.000308 139.327206 139.327514 69.663757 0.000000 266.564667 266.564667 0.000000 0.000000 157.542219 155.111033 160.192600 
111 0.000000 nan nan nan nan nan 0.000000 0.000000 nan nan nan 0.000000 0.000000 0.000267 25.972002 25.972269 12.986134 0.000000 222.946228 222.946228 0.000000 0.000000 86.484891 103.183446 112.407565 
112 0.000000 nan nan nan nan nan 0.000000 0.000000 nan nan nan 0.000000 0.000000 0.000256 17.578854 17.579110 8.789555 0.000000 179.498243 179.498243 0.000000 0.000000 67.964800 48.206212 89.707799 
113 0.000000 nan nan nan nan nan 0.000000 0.000000 nan nan nan 0.000000 0.000000 0.000253 11.845611 11.845864 5.922932 0.000000 107.315234 107.315234 0.000000 0.000000 41.301580 14.139162 53.951168 
114 0.000000 nan nan nan nan nan 0.000000 0.000000 nan nan nan 0.000000 0.000000 0.000259 4.688140 4.688398 2.344199 0.000000 43.369804 43.369804 0.000000 0.000000 16.641937 -9.994459 21.779970 
115 0.000000 nan nan nan nan nan 0.000000 0.000000 nan nan nan 0.000000 0.000000 0.000267 1.746864 1.747131 0.873565 0.000000 6.674607 6.674607 0.000000 0.000000 3.073985 -18.119207 3.596250 
116 0.000000 nan nan nan nan nan 0.000000 0.000000 nan nan nan 0.000000 0.000000 0.000289 0.344218 0.344507 0.172254 0.000000 3.491116 3.491116 0.000000 0.000000 1.323171 -17.959082 1.745375 
117 0.000000 nan nan nan nan nan 0.000000 0.000000 nan nan nan 0.000000 0.000000 0.000320 0.297320 0.297640 0.148820 0.000000 2.894262 2.894262 0.000000 0.000000 1.102972 -17.327457 1.449846 
118 -0.459408 nan nan nan nan nan -0.459408 0.000000 nan nan nan 0.000000 0.000000 0.000334 0.475155 0.475489 0.237745 0.000000 2.306109 2.306109 0.000000 0.000000 0.998000 -17.265200 0.971465 
119 -0.865076 nan nan nan nan nan -0.865076 0.000000 nan nan nan 0.000000 0.000000 0.000341 0.534204 0.534545 0.267272 0.000000 1.888151 1.888151 0.000000 0.000000 0.889740 -17.308404 0.574010 
120 -1.207287 nan nan nan nan nan -1.207287 0.000000 nan nan nan 0.000000 0.000000 0.000335 0.412290 0.412625 0.206312 0.000000 0.948797 0.948797 0.000000 0.000000 0.519103 -17.594872 -0.081747 
121 -1.450758 nan nan nan nan nan -1.450758 0.000000 nan nan nan 0.000000 0.000000 0.000406 0.323309 0.323716 0.161858 0.000000 0.158810 0.158810 0.000000 0.000000 0.214213 -17.574323 -0.606780 
122 -1.520567 nan nan nan nan nan -1.520567 0.000000 nan nan nan 0.000000 0.000000 0.000352 0.250292 0.250644 0.125322 -0.000000 -0.231111 -0.231111 0.000000 0.000000 0.049131 -16.863809 -0.846511 
123 -0.000804 nan nan nan nan nan -0.000804 0.000000 nan nan nan 0.000000 0.000000 0.000420 0.449417 0.449837 0.224918 -0.000000 -0.904637 -0.904637 0.000000 0.000000 -0.073313 -15.770640 -0.324266 
124 -1.098430 nan nan nan nan nan -1.098430 0.000000 nan nan nan 0.000000 0.000000 0.000426 23.012558 23.012984 11.506492 0.000000 23.777723 23.777723 0.000000 0.000000 19.345302 -7.743254 16.235709 
125 -0.045664 nan nan nan nan nan -0.045664 0.000000 nan nan nan 0.000000 0.000000 0.000417 56.094513 56.094931 28.047465 0.000000 47.744989 47.744989 0.000000 0.000000 43.787572 17.799943 36.086633 
126 20.410992 nan nan nan nan nan 20.410992 0.000000 nan nan nan 0.000000 0.000000 0.000404 67.429613 67.430017 33.715008 0.000000 91.886086 91.886086 0.000000 0.000000 64.007125 73.197761 70.527742 
127 0.000000 nan nan nan nan nan 0.000000 0.000000 nan nan nan 0.000000 0.000000 0.000379 93.414068 93.414447 46.707223 0.000000 149.429190 149.429190 0.000000 0.000000 95.969594 149.406893 93.447192 
128 0.000000 nan nan nan nan nan 0.000000 0.000000 nan nan nan 0.000000 0.000000 0.000341 122.731439 122.731781 61.365890 0.000000 200.360427 200.360427 0.000000 0.000000 127.418778 236.570923 124.696832 
129 0.000000 nan nan nan nan nan 0.000000 0.000000 nan nan nan 0.000000 0.000000 0.000297 157.211650 157.211947 78.605974 0.000000 245.232016 245.232016 0.000000 0.000000 159.451693 312.466417 154.289304 
130 0.000000 nan nan nan nan nan 0.000000 0.000000 nan nan nan 0.000000 0.000000 0.000245 188.692043 188.692287 94.346144 0.000000 282.522431 282.522431 0.000000 0.000000 187.485407 350.128952 179.555185 
131 0.000000 nan nan nan nan nan 0.000000 0.000000 nan nan nan 0.000000 0.000000 0.000199 194.972852 194.973051 97.486525 0.000000 285.283393 285.283393 0.000000 0.000000 191.535996 315.352298 182.366820 
132 0.000000 nan nan nan nan nan 0.000000 0.000000 nan nan nan 0.000000 0.000000 0.000159 209.801490 209.801649 104.900824 0.000000 317.907979 317.907979 0.000000 0.000000 209.705653 340.176058 201.442938 
133 0.000000 nan nan nan nan nan 0.000000 0.000000 nan nan nan 0.000000 0.000000 0.000126 199.700505 199.700631 99.850315 0.000000 313.880595 313.880595 0.000000 0.000000 203.327435 267.962837 197.117868 
134 0.000000 nan nan nan nan nan 0.000000 0.000000 nan nan nan 0.000000 0.000000 0.000100 185.110120 185.110220 92.555110 0.000000 278.621611 278.621611 0.000000 0.000000 184.408388 208.579822 176.843359 
135 0.000000 nan nan nan nan nan 0.000000 0.000000 nan nan nan 0.000000 0.000000 0.000082 148.406442 148.406524 74.203262 0.000000 232.561604 232.561604 0.000000 0.000000 150.871923 138.445754 146.154989 
136 0.000000 nan nan nan nan nan 0.000000 0.000000 nan nan nan 0.000000 0.000000 0.000073 57.870911 57.870984 28.935492 0.000000 205.961174 205.961174 0.000000 0.000000 96.834780 72.298434 111.914119 
137 0.000000 nan nan nan nan nan 0.000000 0.000000 nan nan nan 0.000000 0.000000 0.000072 29.434549 29.434622 14.717311 0.000000 119.060636 119.060636 0.000000 0.000000 53.968070 24.068069 63.737137 
138 0.000000 nan nan nan nan nan 0.000000 0.000000 nan nan nan 0.000000 0.000000 0.000074 8.383080 8.383153 4.191577 0.000000 45.054925 45.054925 0.000000 0.000000 19.044849 -7.963769 23.462993 
139 0.000000 nan nan nan nan nan 0.000000 0.000000 nan nan nan 0.000000 0.000000 0.000077 1.563266 1.563344 0.781672 0.000000 6.894292 6.894292 0.000000 0.000000 3.054515 -15.646739 3.657134 
140 0.000000 nan nan nan nan nan 0.000000 0.000000 nan nan nan 0.000000 0.000000 0.000083 1.856439 1.856521 0.928261 0.000000 6.741681 6.741681 0.000000 0.000000 3.150793 -15.242843 3.654265 
141 0.000000 nan nan nan nan nan 0.000000 0.000000 nan nan nan 0.000000 0.000000 0.000090 2.671460 2.671551 1.335775 0.000000 6.228382 6.228382 0.000000 0.000000 3.389088 -14.805857 3.603865 
142 0.000000 nan nan nan nan nan 0.000000 0.000000 nan nan nan 0.000000 0.000000 0.000096 8.652077 8.652173 4.326087 0.000000 5.648699 5.648699 0.000000 0.000000 6.188295 -13.928708 4.752385 
143 0.000000 nan nan nan nan nan 0.000000 0.000000 nan nan nan 0.000000 0.000000 0.000100 10.515430 10.515530 5.257765 0.000000 5.469184 5.469184 0.000000 0.000000 7.060793 -13.084980 5.110745 
144 0.000000 nan nan nan nan nan 0.000000 0.000000 nan nan nan 0.000000 0.000000 0.000105 11.492501 11.492606 5.746303 0.000000 5.338924 5.338924 0.000000 0.000000 7.506388 -12.580453 5.281443 
145 0.000000 nan nan nan nan nan 0.000000 0.000000 nan nan nan 0.000000 0.000000 0.000108 11.166713 11.166820 5.583410 0.000000 5.061847 5.061847 0.000000 0.000000 7.252151 -12.159234 5.071824 
146 -0.307509 nan nan nan nan nan -0.307509 0.000000 nan nan nan 0.000000 0.000000 0.000112 10.474784 10.474896 5.237448 0.000000 4.861342 4.861342 0.000000 0.000000 6.840088 -11.846551 4.650466 
147 -1.024341 nan nan nan nan nan -1.024341 0.000000 nan nan nan 0.000000 0.000000 0.000119 10.680591 10.680710 5.340355 0.000000 4.796132 4.796132 0.000000 0.000000 6.921497 -11.021071 4.293121 
148 0.113392 nan nan nan nan nan 0.113392 0.000000 nan nan nan 0.000000 0.000000 0.000121 36.384401 36.384522 18.192261 0.000000 32.695290 32.695290 0.000000 0.000000 28.970928 -3.112879 24.304222 
149 0.335014 nan nan nan nan nan 0.335014 0.000000 nan nan nan 0.000000 0.000000 0.000120 53.451454 53.451574 26.725787 0.000000 58.035260 58.035260 0.000000 0.000000 45.858290 29.297104 40.558935 
150 0.000000 nan nan nan nan nan 0.000000 0.000000 nan nan nan 0.000000 0.000000 0.000115 58.661651 58.661766 29.330883 0.000000 99.336066 99.336066 0.000000 0.000000 62.079037 73.863203 61.302054 
151 0.000000 nan nan nan nan nan 0.000000 0.000000 nan nan nan 0.000000 0.000000 0.000109 74.662669 74.662778 37.331389 0.000000 146.710084 146.710084 0.000000 0.000000 85.697351 131.880004 87.684681 
152 0.000000 nan nan nan nan nan 0.000000 0.000000 nan nan nan 0.000000 0.000000 0.000102 95.530751 95.530853 47.765426 0.000000 183.347076 183.347076 0.000000 0.000000 108.209518 170.178749 110.111192 
153 0.000000 nan nan nan nan nan 0.000000 0.000000 nan nan nan 0.000000 0.000000 0.000090 139.968517 139.968607 69.984303 0.000000 242.300351 242.300351 0.000000 0.000000 149.863540 265.109360 148.784835 
154 0.000000 nan nan nan nan nan 0.000000 0.000000 nan nan nan 0.000000 0.000000 0.000074 178.780777 178.780852 89.390426 0.000000 284.367295 284.367295 0.000000 0.000000 183.137886 333.951911 178.073050 
155 0.000000 nan nan nan nan nan 0.000000 0.000000 nan nan nan 0.000000 0.000000 0.000058 192.231563 192.231622 96.115811 0.000000 318.452527 318.452527 0.000000 0.000000 201.100160 364.824270 197.516852 
156 0.000000 nan nan nan nan nan 0.000000 0.000000 nan nan nan 0.000000 0.000000 0.000045 193.736931 193.736977 96.868488 0.000000 343.618624 343.618624 0.000000 0.000000 210.149353 351.734786 209.865588 
157 0.000000 nan nan nan nan nan 0.000000 0.000000 nan nan nan 0.000000 0.000000 0.000035 190.271165 190.271200 95.135600 0.000000 351.456342 351.456342 0.000000 0.000000 211.000328 284.362887 212.774172 
158 0.000000 nan nan nan nan nan 0.000000 0.000000 nan nan nan 0.000000 0.000000 0.000027 197.243247 197.243274 98.621637 0.000000 300.738458 300.738458 0.000000 0.000000 197.766184 204.566474 190.271040 
159 0.000000 nan nan nan nan nan 0.000000 0.000000 nan nan nan 0.000000 0.000000 0.000021 156.636499 156.636520 78.318260 0.000000 216.672265 216.672265 0.000000 0.000000 149.748677 130.121207 140.545224 
160 0.000000 nan nan nan nan nan 0.000000 0.000000 nan nan nan 0.000000 0.000000 0.000018 76.112500 76.112518 38.056259 0.000000 190.941310 190.941310 0.000000 0.000000 101.003944 77.583718 109.103554 
161 0.000000 nan nan nan nan nan 0.000000 0.000000 nan nan nan 0.000000 0.000000 0.000018 36.569697 36.569714 18.284857 0.000000 94.699183 94.699183 0.000000 0.000000 49.504368 31.988308 53.830092 
162 0.000000 nan nan nan nan nan 0.000000 0.000000 nan nan nan 0.000000 0.000000 0.000018 16.901058 16.901075 8.450538 0.000000 48.286582 48.286582 0.000000 0.000000 24.369191 -1.966652 27.031821 
163 0.000000 nan nan nan nan nan 0.000000 0.000000 nan nan nan 0.000000 0.000000 0.000019 7.643252 7.643271 3.821635 0.000000 6.427763 6.427763 0.000000 0.000000 5.940678 -10.354968 4.883221 
164 0.000000 nan nan nan nan nan 0.000000 0.000000 nan nan nan 0.000000 0.000000 0.000020 8.087925 8.087945 4.043972 0.000000 5.107055 5.107055 0.000000 0.000000 5.727617 -8.784656 4.359914 
165 0.000000 nan nan nan nan nan 0.000000 0.000000 nan nan nan 0.000000 0.000000 0.000021 8.588371 8.588392 4.294196 0.000000 5.258833 5.258833 0.000000 0.000000 6.027877 -7.111744 4.551443 
166 0.000000 nan nan nan nan nan 0.000000 0.000000 nan nan nan 0.000000 0.000000 0.000022 9.183474 9.183496 4.591748 0.000000 4.591587 4.591587 0.000000 0.000000 6.105458 -7.543854 4.375306 
167 0.000000 nan nan nan nan nan 0.000000 0.000000 nan nan nan 0.000000 0.000000 0.000024 10.302937 10.302961 5.151480 0.000000 4.374392 4.374392 0.000000 0.000000 6.593588 -5.621059 4.538505 
168 0.000000 nan nan nan nan nan 0.000000 0.000000 nan nan nan 0.000000 0.000000 0.000025 10.276817 10.276842 5.138421 0.000000 3.790467 3.790467 0.000000 0.000000 6.388026 -5.643536 4.254077 
169 0.000000 nan nan nan nan nan 0.000000 0.000000 nan nan nan 0.000000 0.000000 0.000026 9.608856 9.608882 4.804441 0.000000 3.221887 3.221887 0.000000 0.000000 5.866602 -5.697801 3.824062 
170 -0.127979 nan nan nan nan nan -0.127979 0.000000 nan nan nan 0.000000 0.000000 0.000027 6.930329 6.930356 3.465178 0.000000 1.733827 1.733827 0.000000 0.000000 4.036769 -8.589102 2.410008 
171 -0.138258 nan nan nan nan nan -0.138258 0.000000 nan nan nan 0.000000 0.000000 0.000029 7.638347 7.638376 3.819188 0.000000 2.983723 2.983723 0.000000 0.000000 4.802833 -4.861228 3.168791 
172 -0.000000 nan nan nan nan nan -0.000000 0.000000 nan nan nan 0.000000 0.000000 0.000031 18.389960 18.389991 9.194996 0.000000 20.535266 20.535266 0.000000 0.000000 15.964863 11.078909 14.164679 
173 -0.000000 nan nan nan nan nan -0.000000 0.000000 nan nan nan 0.000000 0.000000 0.000031 40.144211 40.144242 20.072121 0.000000 45.842998 45.842998 0.000000 0.000000 35.185197 45.519772 31.404586 
174 -0.000000 nan nan nan nan nan 0.000000 0.000000 nan nan nan 0.000000 0.000000 0.000030 64.107014 64.107044 32.053522 0.000000 94.269842 94.269842 0.000000 0.000000 63.131492 84.609211 60.185477 
175 -0.000000 nan nan nan nan nan 0.000000 0.000000 nan nan nan 0.000000 0.000000 0.000028 92.151143 92.151171 46.075586 0.000000 139.369956 139.369956 0.000000 0.000000 92.021725 138.101158 88.353635 
176 -0.000000 nan nan nan nan nan 0.000000 0.000000 nan nan nan 0.000000 0.000000 0.000025 115.852145 115.852169 57.926085 0.000000 176.522541 176.522541 0.000000 0.000000 116.120329 203.683495 111.700654 
177 -0.000000 nan nan nan nan nan 0.000000 0.000000 nan nan nan 0.000000 0.000000 0.000021 134.132123 134.132145 67.066072 0.000000 204.601299 204.601299 0.000000 0.000000 134.517050 246.773024 129.433145 
178 -0.000000 nan nan nan nan nan 0.000000 0.000000 nan nan nan 0.000000 0.000000 0.000018 157.143929 157.143947 78.571973 0.000000 235.510447 235.510447 0.000000 0.000000 156.212780 298.924345 149.641363 
179 -0.000000 nan nan nan nan nan 0.000000 0.000000 nan nan nan 0.000000 0.000000 0.000014 172.536313 172.536327 86.268163 0.000000 256.238678 256.238678 0.000000 0.000000 170.742453 282.576309 163.183888 
180 -0.000000 nan nan nan nan nan 0.000000 0.000000 nan nan nan 0.000000 0.000000 0.000011 164.324285 164.324296 82.162148 0.000000 245.457910 245.457910 0.000000 0.000000 163.082338 238.871832 156.091232 
181 -0.000000 nan nan nan nan nan 0.000000 0.000000 nan nan nan 0.000000 0.000000 0.000009 158.176783 158.176792 79.088396 0.000000 241.340439 241.340439 0.000000 0.000000 158.651178 227.232317 152.665047 
182 -0.000000 nan nan nan nan nan 0.000000 0.000000 nan nan nan 0.000000 0.000000 0.000007 149.414162 149.414169 74.707084 0.000000 217.708722 217.708722 0.000000 0.000000 146.479191 184.312007 139.318525 
183 -0.000000 nan nan nan nan nan 0.000000 0.000000 nan nan nan 0.000000 0.000000 0.000006 120.535418 120.535423 60.267712 0.000000 181.541404 181.541404 0.000000 0.000000 120.116526 125.921642 115.207485 
184 -0.000000 nan nan nan nan nan 0.000000 0.000000 nan nan nan 0.000000 0.000000 0.000005 58.527917 58.527922 29.263961 0.000000 166.559605 166.559605 0.000000 0.000000 84.173721 75.279561 93.298139 
185 -0.000000 nan nan nan nan nan 0.000000 0.000000 nan nan nan 0.000000 0.000000 0.000005 34.987537 34.987541 17.493771 0.000000 98.128693 98.128693 0.000000 0.000000 49.843889 30.376037 55.087142 
186 -0.000000 nan nan nan nan nan 0.000000 0.000000 nan nan nan 0.000000 0.000000 0.000005 11.975610 11.975615 5.987808 0.000000 39.485320 39.485320 0.000000 0.000000 19.004946 -4.080719 21.665207 
187 -0.000000 nan nan nan nan nan 0.000000 0.000000 nan nan nan 0.000000 0.000000 0.000005 2.043785 2.043791 1.021895 0.000000 5.396070 5.396070 0.000000 0.000000 2.800820 -13.247488 3.057774 
188 -0.000000 nan nan nan nan nan 0.000000 0.000000 nan nan nan 0.000000 0.000000 0.000005 1.172884 1.172890 0.586445 0.000000 4.839172 4.839172 0.000000 0.000000 2.181776 -13.782355 2.584980 
189 -0.000000 nan nan nan nan nan 0.000000 0.000000 nan nan nan 0.000000 0.000000 0.000006 1.478205 1.478211 0.739106 0.000000 4.322277 4.322277 0.000000 0.000000 2.164032 -13.623818 2.411444 
190 -0.000000 nan nan nan nan nan 0.000000 0.000000 nan nan nan 0.000000 0.000000 0.000007 1.591530 1.591536 0.795768 0.000000 3.501626 3.501626 0.000000 0.000000 1.950150 -13.759037 2.047450 
191 -0.025264 nan nan nan nan nan -0.025264 0.000000 nan nan nan 0.000000 0.000000 0.000007 1.600578 1.600585 0.800292 0.000000 2.717413 2.717413 0.000000 0.000000 1.696143 -13.630002 1.662748 
192 -0.991630 nan nan nan nan nan -0.991630 0.000000 nan nan nan 0.000000 0.000000 0.000007 1.661606 1.661613 0.830807 0.000000 2.085436 2.085436 0.000000 0.000000 1.518313 -13.543309 0.870236 
193 -1.510455 nan nan nan nan nan -1.510455 0.000000 nan nan nan 0.000000 0.000000 0.000008 1.657843 1.657851 0.828926 0.000000 1.523607 1.523607 0.000000 0.000000 1.331213 -13.656167 0.330026 
194 -1.796352 nan nan nan nan nan -1.796352 0.000000 nan nan nan 0.000000 0.000000 0.000009 1.691103 1.691112 0.845556 0.000000 1.090827 1.090827 0.000000 0.000000 1.205169 -13.848030 -0.017929 
195 -1.970517 nan nan nan nan nan -1.970517 0.000000 nan nan nan 0.000000 0.000000 0.000009 1.739281 1.739289 0.869645 0.000000 0.975665 0.975665 0.000000 0.000000 1.191292 -13.284827 -0.152505 
196 -1.004453 nan nan nan nan nan -1.004453 0.000000 nan nan nan 0.000000 0.000000 0.000009 30.125087 30.125096 15.062548 0.000000 25.660414 25.660414 0.000000 0.000000 23.522025 -5.049142 18.876148 
197 -0.003448 nan nan nan nan nan -0.003448 0.000000 nan nan nan 0.000000 0.000000 0.000010 45.192861 45.192871 22.596435 0.000000 46.862700 46.862700 0.000000 0.000000 38.045677 23.287720 33.091291 
198 0.000000 nan nan nan nan nan 0.000000 0.000000 nan nan nan 0.000000 0.000000 0.000009 57.092610 57.092619 28.546309 0.000000 97.365010 97.365010 0.000000 0.000000 60.644664 81.297509 59.989163 
199 0.000000 nan nan nan nan nan 0.000000 0.000000 nan nan nan 0.000000 0.000000 0.000009 89.268975 89.268984 44.634492 0.000000 162.441500 162.441500 0.000000 0.000000 98.186635 162.165397 98.659242 
200 0.000000 nan nan nan nan nan 0.000000 0.000000 nan nan nan 0.000000 0.000000 0.000007 126.903012 126.903020 63.451510 0.000000 224.514806 224.514806 0.000000 0.000000 137.467380 249.789931 137.198611 
201 0.000000 nan nan nan nan nan 0.000000 0.000000 nan nan nan 0.000000 0.000000 0.000006 166.264164 166.264170 83.132085 0.000000 274.918474 274.918474 0.000000 0.000000 173.764549 330.578598 170.589533 
202 0.000000 nan nan nan nan nan 0.000000 0.000000 nan nan nan 0.000000 0.000000 0.000004 195.946274 195.946278 97.973139 0.000000 311.347330 311.347330 0.000000 0.000000 200.615116 379.629219 195.016559 
203 0.000000 nan nan nan nan nan 0.000000 0.000000 nan nan nan 0.000000 0.000000 0.000003 213.906797 213.906800 106.953400 0.000000 338.555610 338.555610 0.000000 0.000000 218.565140 396.467974 212.258220 
204 0.000000 nan nan nan nan nan 0.000000 0.000000 nan nan nan 0.000000 0.000000 0.000002 220.184807 220.184809 110.092405 0.000000 355.913519 355.913519 0.000000 0.000000 227.426532 373.407385 222.023765 
205 0.000000 nan nan nan nan nan 0.000000 0.000000 nan nan nan 0.000000 0.000000 0.000001 217.954822 217.954824 108.977412 0.000000 359.057022 359.057022 0.000000 0.000000 227.347859 318.552140 222.990228 
206 0.000000 nan nan nan nan nan 0.000000 0.000000 nan nan nan 0.000000 0.000000 0.000001 208.004800 208.004801 104.002401 0.000000 328.553837 328.553837 0.000000 0.000000 212.316852 240.092636 206.087003 
207 0.000000 nan nan nan nan nan 0.000000 0.000000 nan nan nan 0.000000 0.000000 0.000001 172.983048 172.983049 86.491525 0.000000 284.174370 284.174370 0.000000 0.000000 180.175383 156.299620 176.599981 
208 0.000000 nan nan nan nan nan 0.000000 0.000000 nan nan nan 0.000000 0.000000 0.000000 60.292209 60.292210 30.146105 0.000000 215.649333 215.649333 0.000000 0.000000 101.239291 67.338416 117.106727 
209 0.000000 nan nan nan nan nan 0.000000 0.000000 nan nan nan 0.000000 0.000000 0.000000 38.218064 38.218064 19.109032 0.000000 136.230899 136.230899 0.000000 0.000000 64.020318 25.349617 74.010124 
210 0.000000 nan nan nan nan nan 0.000000 0.000000 nan nan nan 0.000000 0.000000 0.000000 14.738354 14.738354 7.369177 0.000000 53.060862 53.060862 0.000000 0.000000 24.861769 -7.798651 28.791275 
211 0.000000 nan nan nan nan nan 0.000000 0.000000 nan nan nan 0.000000 0.000000 0.000000 2.466627 2.466627 1.233314 0.000000 9.095373 9.095373 0.000000 0.000000 4.231788 -17.107610 4.920997 
212 0.000000 nan nan nan nan nan 0.000000 0.000000 nan nan nan 0.000000 0.000000 0.000000 1.797813 1.797813 0.898907 0.000000 8.103376 8.103376 0.000000 0.000000 3.570349 -17.942957 4.289046 
213 0.000000 nan nan nan nan nan 0.000000 0.000000 nan nan nan 0.000000 0.000000 0.000001 2.041072 2.041073 1.020536 0.000000 7.030932 7.030932 0.000000 0.000000 3.338426 -17.565413 3.836040 
214 0.000000 nan nan nan nan nan 0.000000 0.000000 nan nan nan 0.000000 0.000000 0.000001 2.274458 2.274459 1.137229 0.000000 6.540504 6.540504 0.000000 0.000000 3.293439 -17.486007 3.657978 
215 0.000000 nan nan nan nan nan 0.000000 0.000000 nan nan nan 0.000000 0.000000 0.000001 2.529829 2.529830 1.264915 0.000000 5.933682 5.933682 0.000000 0.000000 3.221074 -16.981749 3.429698 
216 -0.145996 nan nan nan nan nan -0.145996 0.000000 nan nan nan 0.000000 0.000000 0.000001 2.802934 2.802935 1.401467 0.000000 5.819088 5.819088 0.000000 0.000000 3.319848 -16.378803 3.363722 
217 -0.539673 nan nan nan nan nan -0.539673 0.000000 nan nan nan 0.000000 0.000000 0.000001 2.973357 2.973357 1.486679 0.000000 5.458657 5.458657 0.000000 0.000000 3.286236 -16.169058 3.026483 
218 -0.748905 nan nan nan nan nan -0.748905 0.000000 nan nan nan 0.000000 0.000000 0.000001 3.130020 3.130021 1.565011 0.000000 5.393072 5.393072 0.000000 0.000000 3.342946 -15.929114 2.923010 
219 -0.862492 nan nan nan nan nan -0.862492 0.000000 nan nan nan 0.000000 0.000000 0.000001 3.420661 3.420662 1.710331 0.000000 5.620785 5.620785 0.000000 0.000000 3.563337 -14.982044 3.041269 
220 -0.051954 nan nan nan nan nan -0.051954 0.000000 nan nan nan 0.000000 0.000000 0.000001 44.665788 44.665789 22.332894 0.000000 38.409986 38.409986 0.000000 0.000000 34.995527 -6.810115 28.913124 
221 0.344147 nan nan nan nan nan 0.344147 0.000000 nan nan nan 0.000000 0.000000 0.000001 69.729729 69.729730 34.864865 0.000000 63.143939 63.143939 0.000000 0.000000 55.681548 20.448247 46.875475 
222 -0.000000 nan nan nan nan nan -0.000000 0.000000 nan nan nan 0.000000 0.000000 0.000001 80.131510 80.131511 40.065755 0.000000 116.316818 116.316818 0.000000 0.000000 78.411959 81.667096 74.506881 
223 -0.000000 nan nan nan nan nan -0.000000 0.000000 nan nan nan 0.000000 0.000000 0.000001 109.980835 109.980836 54.990418 0.000000 184.804230 184.804230 0.000000 0.000000 115.914889 165.331800 114.247712 
224 0.000000 nan nan nan nan nan 0.000000 0.000000 nan nan nan 0.000000 0.000000 0.000001 145.902496 145.902496 72.951248 0.000000 244.375720 244.375720 0.000000 0.000000 153.514672 260.147624 151.187194 
225 0.000000 nan nan nan nan nan 0.000000 0.000000 nan nan nan 0.000000 0.000000 0.000000 178.467437 178.467438 89.233719 0.000000 288.141149 288.141149 0.000000 0.000000 184.225306 347.439741 179.796403 
226 0.000000 nan nan nan nan nan 0.000000 0.000000 nan nan nan 0.000000 0.000000 0.000000 200.537718 200.537718 100.268859 0.000000 310.129420 310.129420 0.000000 0.000000 202.509327 404.703311 195.530070 
227 0.000000 nan nan nan nan nan 0.000000 0.000000 nan nan nan 0.000000 0.000000 0.000000 218.092336 218.092336 109.046168 0.000000 337.495639 337.495639 0.000000 0.000000 220.308467 415.262941 212.750285 
228 0.000000 nan nan nan nan nan 0.000000 0.000000 nan nan nan 0.000000 0.000000 0.000000 225.501519 225.501519 112.750759 0.000000 358.733699 358.733699 0.000000 0.000000 231.014616 382.299714 224.633957 
229 0.000000 nan nan nan nan nan 0.000000 0.000000 nan nan nan 0.000000 0.000000 0.000000 217.608312 217.608312 108.804156 0.000000 351.634383 351.634383 0.000000 0.000000 224.727579 286.883627 219.371241 
230 0.000000 nan nan nan nan nan 0.000000 0.000000 nan nan nan 0.000000 0.000000 0.000000 207.359038 207.359038 103.679519 0.000000 319.534645 319.534645 0.000000 0.000000 209.020611 234.206184 201.636068 
231 0.000000 nan nan nan nan nan 0.000000 0.000000 nan nan nan 0.000000 0.000000 0.000000 167.904694 167.904694 83.952347 0.000000 258.485591 258.485591 0.000000 0.000000 169.167377 128.713197 163.151059 
232 0.000000 nan nan nan nan nan 0.000000 0.000000 nan nan nan 0.000000 0.000000 0.000000 80.087606 80.087606 40.043803 0.000000 205.715863 205.715863 0.000000 0.000000 107.862219 74.044272 117.089684 
233 0.000000 nan nan nan nan nan 0.000000 0.000000 nan nan nan 0.000000 0.000000 0.000000 40.372064 40.372064 20.186032 0.000000 106.502877 106.502877 0.000000 0.000000 55.296871 32.026506 60.359637 
234 0.000000 nan nan nan nan nan 0.000000 0.000000 nan nan nan 0.000000 0.000000 0.000000 18.436628 18.436628 9.218314 0.000000 49.063636 49.063636 0.000000 0.000000 25.393139 -4.894046 27.767840 
235 0.000000 nan nan nan nan nan 0.000000 0.000000 nan nan nan 0.000000 0.000000 0.000000 12.490666 12.490666 6.245333 0.000000 10.090278 10.090278 0.000000 0.000000 9.571798 -14.073383 7.782935 
236 0.000000 nan nan nan nan nan 0.000000 0.000000 nan nan nan 0.000000 0.000000 0.000000 3.560629 3.560629 1.780314 0.000000 9.888392 9.888392 0.000000 0.000000 5.040224 -12.029670 5.559436 
237 0.000000 nan nan nan nan nan 0.000000 0.000000 nan nan nan 0.000000 0.000000 0.000000 4.041038 4.041038 2.020519 0.000000 9.360517 9.360517 0.000000 0.000000 5.106403 -14.446322 5.422378 
238 0.000000 nan nan nan nan nan 0.000000 0.000000 nan nan nan 0.000000 0.000000 0.000000 4.269847 4.269847 2.134923 0.000000 9.213568 9.213568 0.000000 0.000000 5.172363 -13.743997 5.406873 
239 0.000000 nan nan nan nan nan 0.000000 0.000000 nan nan nan 0.000000 0.000000 0.000000 12.206477 12.206477 6.103238 0.000000 8.698843 8.698843 0.000000 0.000000 8.970989 -13.948634 7.052300 
240 0.000000 nan nan nan nan nan 0.000000 0.000000 nan nan nan 0.000000 0.000000 0.000000 12.121557 12.121557 6.060779 0.000000 7.438664 7.438664 0.000000 0.000000 8.513085 -14.108679 6.431672 
241 -0.230694 nan nan nan nan nan -0.230694 0.000000 nan nan nan 0.000000 0.000000 0.000000 8.678050 8.678050 4.339025 0.000000 5.990542 5.990542 0.000000 0.000000 6.313929 -15.548316 4.800635 
242 -0.774020 nan nan nan nan nan -0.774020 0.000000 nan nan nan 0.000000 0.000000 0.000000 10.160976 10.160976 5.080488 0.000000 5.215429 5.215429 0.000000 0.000000 6.799860 -15.082227 4.500139 
243 -1.078078 nan nan nan nan nan -1.078078 0.000000 nan nan nan 0.000000 0.000000 0.000000 10.422316 10.422316 5.211158 0.000000 4.397560 4.397560 0.000000 0.000000 6.660903 -15.024936 4.013537 
244 -0.080148 nan nan nan nan nan -0.080148 0.000000 nan nan nan 0.000000 0.000000 0.000000 41.002051 41.002051 20.501025 0.000000 33.881332 33.881332 0.000000 0.000000 31.670695 -6.242854 25.867957 
245 0.456606 nan nan nan nan nan 0.456606 0.000000 nan nan nan 0.000000 0.000000 0.000000 74.961336 74.961336 37.480668 0.000000 62.905314 62.905314 0.000000 0.000000 58.218683 22.587988 48.066937 
246 0.000000 nan nan nan nan nan 0.000000 0.000000 nan nan nan 0.000000 0.000000 0.000000 93.828943 93.828943 46.914471 0.000000 113.088464 113.088464 0.000000 0.000000 84.196382 81.621368 76.231765 
247 0.000000 nan nan nan nan nan 0.000000 0.000000 nan nan nan 0.000000 0.000000 0.000000 122.048703 122.048703 61.024352 0.000000 171.399901 171.399901 0.000000 0.000000 117.529813 154.169874 110.736162 
248 0.000000 nan nan nan nan nan 0.000000 0.000000 nan nan nan 0.000000 0.000000 0.000000 150.354325 150.354325 75.177163 0.000000 222.577518 222.577518 0.000000 0.000000 148.554366 236.183152 141.862178 
249 0.000000 nan nan nan nan nan 0.000000 0.000000 nan nan nan 0.000000 0.000000 0.000000 178.613187 178.613187 89.306593 0.000000 262.488809 262.488809 0.000000 0.000000 175.841366 306.745406 167.609328 
250 0.000000 nan nan nan nan nan 0.000000 0.000000 nan nan nan 0.000000 0.000000 0.000000 189.860751 189.860751 94.930375 0.000000 290.417244 290.417244 0.000000 0.000000 190.672324 351.897910 183.594939 
251 0.000000 nan nan nan nan nan 0.000000 0.000000 nan nan nan 0.000000 0.000000 0.000000 197.967510 197.967510 98.983755 0.000000 314.556798 314.556798 0.000000 0.000000 202.683798 348.524633 197.027175 
252 0.000000 nan nan nan nan nan 0.000000 0.000000 nan nan nan 0.000000 0.000000 0.000000 200.811542 200.811542 100.405771 0.000000 325.255608 325.255608 0.000000 0.000000 207.632895 316.602339 202.802018 
253 0.000000 nan nan nan nan nan 0.000000 0.000000 nan nan nan 0.000000 0.000000 0.000000 206.927905 206.927905 103.463953 0.000000 324.932295 324.932295 0.000000 0.000000 210.584489 268.797507 204.105018 
254 0.000000 nan nan nan nan nan 0.000000 0.000000 nan nan nan 0.000000 0.000000 0.000000 214.279234 214.279234 107.139617 0.000000 275.735925 275.735925 0.000000 0.000000 198.041571 188.686760 182.417143 
255 0.000000 nan nan nan nan nan 0.000000 0.000000 nan nan nan 0.000000 0.000000 0.000000 186.710561 186.710561 93.355280 0.000000 220.277112 220.277112 0.000000 0.000000 165.974108 121.087797 149.426951 
256 0.000000 nan nan nan nan nan 0.000000 0.000000 nan nan nan 0.000000 0.000000 0.000000 93.523691 93.523691 46.761846 0.000000 200.112021 200.112021 0.000000 0.000000 112.732842 70.617058 117.620533 
257 0.000000 nan nan nan nan nan 0.000000 0.000000 nan nan nan 0.000000 0.000000 0.000000 52.995530 52.995530 26.497765 0.000000 110.843346 110.843346 0.000000 0.000000 63.039527 26.324212 65.434770 
258 0.000000 nan nan nan nan nan 0.000000 0.000000 nan nan nan 0.000000 0.000000 0.000000 21.168669 21.168669 10.584334 0.000000 45.919331 45.919331 0.000000 0.000000 25.722575 -1.971448 26.920594 
259 0.000000 nan nan nan nan nan 0.000000 0.000000 nan nan nan 0.000000 0.000000 0.000000 13.433907 13.433907 6.716953 0.000000 8.456765 8.456765 0.000000 0.000000 9.504898 -11.501411 7.229363 
260 0.000000 nan nan nan nan nan 0.000000 0.000000 nan nan nan 0.000000 0.000000 0.000000 2.928305 2.928305 1.464153 0.000000 6.589853 6.589853 0.000000 0.000000 3.636632 -13.979929 3.837249 
261 0.000000 nan nan nan nan nan 0.000000 0.000000 nan nan nan 0.000000 0.000000 0.000000 2.615475 2.615475 1.307737 0.000000 5.692506 5.692506 0.000000 0.000000 3.184388 -13.326765 3.335195 
262 0.000000 nan nan nan nan nan 0.000000 0.000000 nan nan nan 0.000000 0.000000 0.000000 2.488693 2.488693 1.244347 0.000000 4.436424 4.436424 0.000000 0.000000 2.706904 -14.266855 2.706545 
263 -0.000101 nan nan nan nan nan -0.000101 0.000000 nan nan nan 0.000000 0.000000 0.000000 2.280142 2.280142 1.140071 0.000000 2.629367 2.629367 0.000000 0.000000 2.006895 -14.203713 1.795858 
264 -0.539860 nan nan nan nan nan -0.539860 0.000000 nan nan nan 0.000000 0.000000 0.000000 7.718311 7.718311 3.859155 0.000000 2.623429 2.623429 0.000000 0.000000 4.724022 -13.388087 2.805912 
265 -1.245170 nan nan nan nan nan -1.245170 0.000000 nan nan nan 0.000000 0.000000 0.000000 9.172732 9.172732 4.586366 0.000000 2.818711 2.818711 0.000000 0.000000 5.515612 -12.237180 2.876152 
266 -1.260359 nan nan nan nan nan -1.260359 0.000000 nan nan nan 0.000000 0.000000 0.000000 10.760582 10.760582 5.380291 0.000000 3.190485 3.190485 0.000000 0.000000 6.432099 -10.969718 3.423585 
267 -1.387537 nan nan nan nan nan -1.387537 0.000000 nan nan nan 0.000000 0.000000 0.000000 12.861336 12.861336 6.430668 0.000000 4.293850 4.293850 0.000000 0.000000 7.846223 -8.989824 4.383128 
268 -0.009245 nan nan nan nan nan -0.009245 0.000000 nan nan nan 0.000000 0.000000 0.000000 35.523367 35.523367 17.761684 0.000000 23.457692 23.457692 0.000000 0.000000 25.494988 -2.241516 19.633710 
269 0.581870 nan nan nan nan nan 0.581870 0.000000 nan nan nan 0.000000 0.000000 0.000000 56.749151 56.749151 28.374575 0.000000 47.793385 47.793385 0.000000 0.000000 44.130636 23.722543 36.594091 
270 0.000000 nan nan nan nan nan 0.000000 0.000000 nan nan nan 0.000000 0.000000 0.000000 94.960631 94.960631 47.480315 0.000000 103.968870 103.968870 0.000000 0.000000 81.755767 78.934394 72.156418 
271 0.000000 nan nan nan nan nan 0.000000 0.000000 nan nan nan 0.000000 0.000000 0.000000 118.336439 118.336439 59.168219 0.000000 151.675037 151.675037 0.000000 0.000000 109.170979 141.954548 100.454117 
272 0.000000 nan nan nan nan nan 0.000000 0.000000 nan nan nan 0.000000 0.000000 0.000000 139.490999 139.490999 69.745500 0.000000 193.276639 193.276639 0.000000 0.000000 133.463073 196.190140 125.314212 
273 0.000000 nan nan nan nan nan 0.000000 0.000000 nan nan nan 0.000000 0.000000 0.000000 138.914282 138.914282 69.457141 0.000000 223.997697 223.997697 0.000000 0.000000 143.302536 215.723238 139.813561 
274 0.000000 nan nan nan nan nan 0.000000 0.000000 nan nan nan 0.000000 0.000000 0.000000 161.625088 161.625088 80.812544 0.000000 257.324686 257.324686 0.000000 0.000000 165.644858 247.719179 161.102031 
275 0.000000 nan nan nan nan nan 0.000000 0.000000 nan nan nan 0.000000 0.000000 0.000000 186.109520 186.109520 93.054760 0.000000 290.609318 290.609318 0.000000 0.000000 188.860030 280.952924 182.792833 
276 0.000000 nan nan nan nan nan 0.000000 0.000000 nan nan nan 0.000000 0.000000 0.000000 193.560621 193.560621 96.780311 0.000000 321.455719 321.455719 0.000000 0.000000 202.754724 292.381405 199.264287 
277 0.000000 nan nan nan nan nan 0.000000 0.000000 nan nan nan 0.000000 0.000000 0.000000 209.991820 209.991820 104.995910 0.000000 318.258634 318.258634 0.000000 0.000000 209.916339 212.235267 201.655306 
278 0.000000 nan nan nan nan nan 0.000000 0.000000 nan nan nan 0.000000 0.000000 0.000000 219.301331 219.301331 109.650666 0.000000 239.893761 239.893761 0.000000 0.000000 188.736521 131.944215 166.536873 
279 0.000000 nan nan nan nan nan 0.000000 0.000000 nan nan nan 0.000000 0.000000 0.000000 233.803785 233.803785 116.901893 0.000000 205.018499 205.018499 0.000000 0.000000 184.490409 111.423367 153.375684 
280 0.000000 nan nan nan nan nan 0.000000 0.000000 nan nan nan 0.000000 0.000000 0.000000 122.805620 122.805620 61.402810 0.000000 176.674429 176.674429 0.000000 0.000000 119.647127 59.178117 113.429470 
281 0.000000 nan nan nan nan nan 0.000000 0.000000 nan nan nan 0.000000 0.000000 0.000000 72.473468 72.473468 36.236734 0.000000 96.772239 96.772239 0.000000 0.000000 68.139670 21.272828 63.370767 
282 0.000000 nan nan nan nan nan 0.000000 0.000000 nan nan nan 0.000000 0.000000 0.000000 32.745341 32.745341 16.372671 0.000000 48.935613 48.935613 0.000000 0.000000 32.505290 -6.063702 31.115465 
283 0.000000 nan nan nan nan nan 0.000000 0.000000 nan nan nan 0.000000 0.000000 0.000000 14.594057 14.594057 7.297028 0.000000 6.097199 6.097199 0.000000 0.000000 9.307094 -18.040366 6.381543 
284 0.000000 nan nan nan nan nan 0.000000 0.000000 nan nan nan 0.000000 0.000000 0.000000 2.959246 2.959246 1.479623 0.000000 4.416573 4.416573 0.000000 0.000000 2.935636 -18.624458 2.809182 
285 0.000000 nan nan nan nan nan 0.000000 0.000000 nan nan nan 0.000000 0.000000 0.000000 3.041556 3.041556 1.520778 0.000000 4.046362 4.046362 0.000000 0.000000 2.854743 -17.456958 2.652407 
286 -0.088142 nan nan nan nan nan -0.088142 0.000000 nan nan nan 0.000000 0.000000 0.000000 8.261837 8.261837 4.130919 0.000000 3.830350 3.830350 0.000000 0.000000 5.393672 -15.838706 3.746918 
287 -0.794856 nan nan nan nan nan -0.794856 0.000000 nan nan nan 0.000000 0.000000 0.000000 9.733568 9.733568 4.866784 0.000000 3.072003 3.072003 0.000000 0.000000 5.879532 -15.687713 3.366199 
288 -1.256373 nan nan nan nan nan -1.256373 0.000000 nan nan nan 0.000000 0.000000 0.000000 9.165286 9.165286 4.582643 0.000000 2.540949 2.540949 0.000000 0.000000 5.420319 -16.009850 2.736176 
289 -1.526202 nan nan nan nan nan -1.526202 0.000000 nan nan nan 0.000000 0.000000 0.000000 9.523371 9.523371 4.761685 0.000000 2.309353 2.309353 0.000000 0.000000 5.523011 -14.981213 2.569866 
290 -1.661892 nan nan nan nan nan -1.661892 0.000000 nan nan nan 0.000000 0.000000 0.000000 10.027423 10.027423 5.013711 0.000000 2.040055 2.040055 0.000000 0.000000 5.686257 -15.125949 2.490595 
291 -1.876646 nan nan nan nan nan -1.876646 0.000000 nan nan nan 0.000000 0.000000 0.000000 11.585505 11.585505 5.792752 0.000000 2.812556 2.812556 0.000000 0.000000 6.719968 -12.207420 3.117374 
292 -0.186697 nan nan nan nan nan -0.186697 0.000000 nan nan nan 0.000000 0.000000 0.000000 34.694167 34.694167 17.347084 0.000000 23.892436 23.892436 0.000000 0.000000 25.223711 -4.859508 19.550401 
293 0.210668 nan nan nan nan nan 0.210668 0.000000 nan nan nan 0.000000 0.000000 0.000000 68.590656 68.590656 34.295328 0.000000 51.258862 51.258862 0.000000 0.000000 51.193854 18.268706 40.871718 
294 0.000000 nan nan nan nan nan 0.000000 0.000000 nan nan nan 0.000000 0.000000 0.000000 74.981069 74.981069 37.490534 0.000000 75.407985 75.407985 0.000000 0.000000 62.350310 54.845653 53.789347 
295 0.000000 nan nan nan nan nan 0.000000 0.000000 nan nan nan 0.000000 0.000000 0.000000 96.781478 96.781478 48.390739 0.000000 107.862112 107.862112 0.000000 0.000000 83.949677 96.471127 74.445076 
296 0.000000 nan nan nan nan nan 0.000000 0.000000 nan nan nan 0.000000 0.000000 0.000000 127.688161 127.688161 63.844080 0.000000 155.665896 155.665896 0.000000 0.000000 115.162508 160.155236 104.583287 
297 0.000000 nan nan nan nan nan 0.000000 0.000000 nan nan nan 0.000000 0.000000 0.000000 140.629905 140.629905 70.314953 0.000000 183.951484 183.951484 0.000000 0.000000 130.958299 194.142353 121.142648 
298 0.000000 nan nan nan nan nan 0.000000 0.000000 nan nan nan 0.000000 0.000000 0.000000 169.004657 169.004657 84.502328 0.000000 226.375514 226.375514 0.000000 0.000000 159.131619 276.840512 148.114574 
299 0.000000 nan nan nan nan nan 0.000000 0.000000 nan nan nan 0.000000 0.000000 0.000000 184.031443 184.031443 92.015722 0.000000 254.524497 254.524497 0.000000 0.000000 175.924897 277.386482 165.105549 
300 0.000000 nan nan nan nan nan 0.000000 0.000000 nan nan nan 0.000000 0.000000 0.000000 170.092469 170.092469 85.046235 0.000000 257.161179 257.161179 0.000000 0.000000 169.824645 229.386550 163.041228 
301 0.000000 nan nan nan nan nan 0.000000 0.000000 nan nan nan 0.000000 0.000000 0.000000 149.076141 149.076141 74.538071 0.000000 203.448123 203.448123 0.000000 0.000000 141.608880 127.268143 132.443684 
302 0.000000 nan nan nan nan nan 0.000000 0.000000 nan nan nan 0.000000 0.000000 0.000000 140.483608 140.483608 70.241804 0.000000 175.220110 175.220110 0.000000 0.000000 128.006676 121.625455 116.947823 
303 0.000000 nan nan nan nan nan 0.000000 0.000000 nan nan nan 0.000000 0.000000 0.000000 137.434299 137.434299 68.717150 0.000000 173.875956 173.875956 0.000000 0.000000 126.038893 103.859473 115.581008 
304 0.000000 nan nan nan nan nan 0.000000 0.000000 nan nan nan 0.000000 0.000000 0.000000 62.545981 62.545981 31.272991 0.000000 137.477207 137.477207 0.000000 0.000000 76.595147 47.473587 80.399309 
305 0.000000 nan nan nan nan nan 0.000000 0.000000 nan nan nan 0.000000 0.000000 0.000000 45.761026 45.761026 22.880513 0.000000 83.170627 83.170627 0.000000 0.000000 50.299401 14.816783 50.526983 
306 0.000000 nan nan nan nan nan 0.000000 0.000000 nan nan nan 0.000000 0.000000 0.000000 15.084668 15.084668 7.542334 0.000000 31.011738 31.011738 0.000000 0.000000 17.765984 -4.936369 18.368694 
307 0.000000 nan nan nan nan nan 0.000000 0.000000 nan nan nan 0.000000 0.000000 0.000000 9.756679 9.756679 4.878340 0.000000 4.789664 4.789664 0.000000 0.000000 6.457350 -11.013225 4.606222 
308 0.000000 nan nan nan nan nan 0.000000 0.000000 nan nan nan 0.000000 0.000000 0.000000 3.464386 3.464386 1.732193 0.000000 2.863359 2.863359 0.000000 0.000000 2.676157 -14.609975 2.189504 
309 0.000000 nan nan nan nan nan 0.000000 0.000000 nan nan nan 0.000000 0.000000 0.000000 1.722757 1.722757 0.861379 0.000000 1.717433 1.717433 0.000000 0.000000 1.427565 -15.315710 1.228648 
310 -0.613113 nan nan nan nan nan -0.613113 0.000000 nan nan nan 0.000000 0.000000 0.000000 1.659984 1.659984 0.829992 0.000000 1.338591 1.338591 0.000000 0.000000 1.271286 -14.505513 0.712198 
311 -1.572406 nan nan nan nan nan -1.572406 0.000000 nan nan nan 0.000000 0.000000 0.000000 1.435349 1.435349 0.717674 -0.000000 -0.204328 -0.204328 0.000000 0.000000 0.650313 -16.131697 -0.578670 
312 -2.199106 nan nan nan nan nan -2.199106 0.000000 nan nan nan 0.000000 0.000000 0.000000 5.189571 5.189571 2.594785 0.000000 0.209589 0.209589 0.000000 0.000000 2.663881 -12.702480 0.184751 
313 -2.504059 nan nan nan nan nan -2.504059 0.000000 nan nan nan 0.000000 0.000000 0.000000 6.902593 6.902593 3.451297 0.000000 0.652683 0.652683 0.000000 0.000000 3.666467 -12.730538 0.644274 
314 -2.361677 nan nan nan nan nan -2.361677 0.000000 nan nan nan 0.000000 0.000000 0.000000 8.806751 8.806751 4.403376 0.000000 1.952786 1.952786 0.000000 0.000000 5.047151 -9.247688 1.791848 
315 -0.000213 nan nan nan nan nan -0.000213 0.000000 nan nan nan 0.000000 0.000000 0.000000 13.354378 13.354378 6.677189 0.000000 4.035244 4.035244 0.000000 0.000000 8.007489 -4.141297 5.103718 
316 2.419644 nan nan nan nan nan 2.419644 0.000000 nan nan nan 0.000000 0.000000 0.000000 19.508559 19.508559 9.754280 0.000000 22.580046 22.580046 0.000000 0.000000 17.198251 7.757369 16.672189 
317 0.000000 nan nan nan nan nan 0.000000 0.000000 nan nan nan 0.000000 0.000000 0.000000 46.145683 46.145683 23.072841 0.000000 46.110818 46.110818 0.000000 0.000000 38.274210 38.305490 32.961848 
318 0.000000 nan nan nan nan nan 0.000000 0.000000 nan nan nan 0.000000 0.000000 0.000000 70.174772 70.174772 35.087386 0.000000 81.438876 81.438876 0.000000 0.000000 61.935367 73.228588 55.517748 
319 0.000000 nan nan nan nan nan 0.000000 0.000000 nan nan nan 0.000000 0.000000 0.000000 103.163653 103.163653 51.581826 0.000000 131.787762 131.787762 0.000000 0.000000 95.028341 134.609500 87.364568 
320 0.000000 nan nan nan nan nan 0.000000 0.000000 nan nan nan 0.000000 0.000000 0.000000 126.001514 126.001514 63.000757 0.000000 176.804266 176.804266 0.000000 0.000000 121.287878 195.097149 114.252655 
321 0.000000 nan nan nan nan nan 0.000000 0.000000 nan nan nan 0.000000 0.000000 0.000000 155.311285 155.311285 77.655643 0.000000 221.891912 221.891912 0.000000 0.000000 150.806822 278.379835 142.716374 
322 0.000000 nan nan nan nan nan 0.000000 0.000000 nan nan nan 0.000000 0.000000 0.000000 189.303446 189.303446 94.651723 0.000000 264.004656 264.004656 0.000000 0.000000 181.686225 327.437018 170.878170 
323 0.000000 nan nan nan nan nan 0.000000 0.000000 nan nan nan 0.000000 0.000000 0.000000 201.253751 201.253751 100.626875 0.000000 287.299814 287.299814 0.000000 0.000000 195.341100 328.568147 184.823711 
324 0.000000 nan nan nan nan nan 0.000000 0.000000 nan nan nan 0.000000 0.000000 0.000000 195.757003 195.757003 97.878502 0.000000 292.879506 292.879506 0.000000 0.000000 194.432185 272.669759 186.172663 
325 0.000000 nan nan nan nan nan 0.000000 0.000000 nan nan nan 0.000000 0.000000 0.000000 185.877785 185.877785 92.938892 0.000000 295.383181 295.383181 0.000000 0.000000 190.317963 238.546960 185.012087 
326 0.000000 nan nan nan nan nan 0.000000 0.000000 nan nan nan 0.000000 0.000000 0.000000 178.314656 178.314656 89.157328 0.000000 275.284335 275.284335 0.000000 0.000000 179.910405 204.561878 173.634510 
327 0.000000 nan nan nan nan nan 0.000000 0.000000 nan nan nan 0.000000 0.000000 0.000000 145.499384 145.499384 72.749692 0.000000 219.170096 219.170096 0.000000 0.000000 145.003570 126.347839 139.082203 
328 0.000000 nan nan nan nan nan 0.000000 0.000000 nan nan nan 0.000000 0.000000 0.000000 64.713637 64.713637 32.356818 0.000000 191.202558 191.202558 0.000000 0.000000 95.390629 64.491866 106.512582 
329 0.000000 nan nan nan nan nan 0.000000 0.000000 nan nan nan 0.000000 0.000000 0.000000 36.958032 36.958032 18.479016 0.000000 110.374354 110.374354 0.000000 0.000000 54.866166 18.330879 61.390873 
330 0.000000 nan nan nan nan nan 0.000000 0.000000 nan nan nan 0.000000 0.000000 0.000000 13.649394 13.649394 6.824697 0.000000 45.596279 45.596279 0.000000 0.000000 21.856437 -9.031290 24.975439 
331 0.000000 nan nan nan nan nan 0.000000 0.000000 nan nan nan 0.000000 0.000000 0.000000 2.819961 2.819961 1.409981 0.000000 9.147779 9.147779 0.000000 0.000000 4.425732 -17.480800 5.030137 
332 0.000000 nan nan nan nan nan 0.000000 0.000000 nan nan nan 0.000000 0.000000 0.000000 1.970371 1.970371 0.985185 0.000000 7.088285 7.088285 0.000000 0.000000 3.321983 -19.289771 3.846523 
333 0.000000 nan nan nan nan nan 0.000000 0.000000 nan nan nan 0.000000 0.000000 0.000000 1.859012 1.859012 0.929506 0.000000 6.079870 6.079870 0.000000 0.000000 2.933859 -17.971327 3.339546 
334 0.000000 nan nan nan nan nan 0.000000 0.000000 nan nan nan 0.000000 0.000000 0.000000 1.798516 1.798516 0.899258 0.000000 4.754158 4.754158 0.000000 0.000000 2.466563 -17.927437 2.693512 
335 -0.160070 nan nan nan nan nan -0.160070 0.000000 nan nan nan 0.000000 0.000000 0.000000 1.665071 1.665071 0.832535 0.000000 4.181938 4.181938 0.000000 0.000000 2.211196 -17.138523 2.305289 
