#### 	 Vertical City Weather Generator (VCWG)  	 #### 
# Change in water volume of soil 
# 0:time [hr] 1:dVRoofSoilVeg_dt [mm s^-1] 2:dVGroundSoilImp_dt [mm s^-1] 3:dVGroundSoilBare_dt [mm s^-1] 4:dVGroundSoilVeg_dt [mm s^-1] 5:dVGroundSoilTot_dt 
0 -0.000000 -0.000005 nan -0.000021 -0.000013 
1 -0.000000 -0.000005 nan -0.000019 -0.000012 
2 -0.000000 -0.000005 nan -0.000018 -0.000011 
3 -0.000000 -0.000005 nan -0.000016 -0.000011 
4 -0.000000 -0.000005 nan -0.000022 -0.000013 
5 -0.000000 -0.000005 nan -0.000044 -0.000025 
6 -0.000000 -0.000005 nan -0.000044 -0.000024 
7 -0.000000 -0.000005 nan -0.000052 -0.000028 
8 -0.000000 -0.000005 nan -0.000063 -0.000034 
9 -0.000000 -0.000005 nan -0.000077 -0.000041 
10 -0.000000 -0.000005 nan -0.000109 -0.000057 
11 -0.000000 -0.000006 nan -0.000120 -0.000063 
12 -0.000000 -0.000006 nan -0.000092 -0.000049 
13 -0.000000 -0.000006 nan -0.000066 -0.000036 
14 -0.000000 -0.000006 nan -0.000054 -0.000030 
15 -0.000000 -0.000006 nan -0.000042 -0.000024 
16 -0.000000 -0.000006 nan -0.000030 -0.000018 
17 -0.000000 -0.000006 nan -0.000025 -0.000016 
18 -0.000000 -0.000007 nan -0.000015 -0.000011 
19 -0.000000 -0.000007 nan -0.000007 -0.000007 
20 -0.000000 -0.000007 nan -0.000010 -0.000008 
21 -0.000000 -0.000007 nan -0.000010 -0.000008 
22 -0.000000 -0.000007 nan -0.000010 -0.000008 
23 -0.000000 -0.000007 nan -0.000011 -0.000009 
24 -0.000000 -0.000007 nan -0.000011 -0.000009 
25 -0.000000 -0.000007 nan -0.000011 -0.000009 
26 -0.000000 -0.000007 nan -0.000011 -0.000009 
27 -0.000000 -0.000007 nan -0.000011 -0.000009 
28 -0.000000 -0.000007 nan -0.000015 -0.000011 
29 -0.000000 -0.000007 nan -0.000029 -0.000018 
30 -0.000000 -0.000007 nan -0.000040 -0.000023 
31 -0.000000 -0.000007 nan -0.000056 -0.000031 
32 -0.000000 -0.000007 nan -0.000069 -0.000038 
33 -0.000000 -0.000007 nan -0.000070 -0.000038 
34 -0.000000 -0.000007 nan -0.000048 -0.000028 
35 -0.000000 -0.000007 nan -0.000055 -0.000031 
36 -0.000000 -0.000007 nan -0.000058 -0.000033 
37 -0.000000 -0.000007 nan -0.000056 -0.000032 
38 -0.000000 -0.000008 nan -0.000053 -0.000030 
39 -0.000000 -0.000008 nan -0.000046 -0.000027 
40 -0.000000 -0.000008 nan -0.000041 -0.000024 
41 -0.000000 -0.000008 nan -0.000028 -0.000018 
42 -0.000000 -0.000008 nan -0.000013 -0.000010 
43 -0.000000 -0.000008 nan -0.000004 -0.000006 
44 -0.000000 -0.000008 nan -0.000003 -0.000006 
45 -0.000000 -0.000008 nan -0.000002 -0.000005 
46 -0.000000 -0.000008 nan -0.000002 -0.000005 
47 -0.000000 -0.000008 nan -0.000002 -0.000005 
48 -0.000000 -0.000008 nan -0.000002 -0.000005 
49 -0.000000 -0.000008 nan -0.000002 -0.000005 
50 -0.000000 -0.000008 nan -0.000002 -0.000005 
51 -0.000000 -0.000008 nan -0.000003 -0.000006 
52 -0.000000 -0.000008 nan -0.000016 -0.000012 
53 -0.000000 -0.000008 nan -0.000043 -0.000026 
54 -0.000000 -0.000008 nan -0.000053 -0.000030 
55 -0.000000 -0.000008 nan -0.000072 -0.000040 
56 -0.000000 -0.000008 nan -0.000078 -0.000043 
57 -0.000000 -0.000008 nan -0.000081 -0.000045 
58 -0.000000 -0.000008 nan -0.000080 -0.000044 
59 -0.000000 -0.000008 nan -0.000085 -0.000047 
60 -0.000000 -0.000009 nan -0.000077 -0.000043 
61 -0.000000 -0.000009 nan -0.000075 -0.000042 
62 -0.000000 -0.000009 nan -0.000068 -0.000039 
63 -0.000000 -0.000009 nan -0.000073 -0.000041 
64 -0.000000 -0.000009 nan -0.000059 -0.000034 
65 -0.000000 -0.000009 nan -0.000037 -0.000023 
66 -0.000000 -0.000009 nan -0.000008 -0.000008 
67 -0.000000 -0.000009 nan -0.000002 -0.000005 
68 -0.000000 -0.000009 nan -0.000001 -0.000005 
69 -0.000000 -0.000009 nan -0.000000 -0.000005 
70 -0.000000 -0.000009 nan 0.000001 -0.000004 
71 -0.000000 -0.000009 nan 0.000001 -0.000004 
72 -0.000000 -0.000009 nan 0.000000 -0.000004 
73 -0.000000 -0.000009 nan 0.000000 -0.000004 
74 -0.000000 -0.000009 nan 0.000000 -0.000004 
75 -0.000000 -0.000009 nan 0.000000 -0.000004 
76 -0.000000 -0.000009 nan -0.000008 -0.000008 
77 -0.000000 -0.000009 nan -0.000037 -0.000023 
78 -0.000000 -0.000009 nan -0.000054 -0.000031 
79 -0.000000 -0.000009 nan -0.000076 -0.000043 
80 -0.000000 -0.000009 nan -0.000098 -0.000053 
81 -0.000000 -0.000009 nan -0.000114 -0.000062 
82 -0.000000 -0.000009 nan -0.000129 -0.000069 
83 -0.000000 -0.000010 nan -0.000145 -0.000077 
84 -0.000000 -0.000010 nan -0.000153 -0.000081 
85 -0.000000 -0.000010 nan -0.000153 -0.000082 
86 -0.000000 -0.000010 nan -0.000097 -0.000054 
87 -0.000000 -0.000010 nan -0.000062 -0.000036 
88 -0.000000 -0.000011 nan -0.000053 -0.000032 
89 -0.000000 -0.000011 nan -0.000030 -0.000020 
90 -0.000000 -0.000011 nan -0.000010 -0.000010 
91 -0.000000 -0.000011 nan -0.000001 -0.000006 
92 -0.000000 -0.000011 nan -0.000001 -0.000006 
93 -0.000000 -0.000011 nan -0.000000 -0.000005 
94 -0.000000 -0.000010 nan 0.000000 -0.000005 
95 -0.000000 -0.000010 nan -0.000002 -0.000006 
96 -0.000000 -0.000010 nan -0.000004 -0.000007 
97 -0.000000 -0.000010 nan -0.000003 -0.000007 
98 -0.000000 -0.000010 nan -0.000004 -0.000007 
99 -0.000000 -0.000010 nan -0.000004 -0.000007 
100 -0.000000 -0.000010 nan -0.000018 -0.000014 
101 -0.000000 -0.000010 nan -0.000030 -0.000020 
102 -0.000000 -0.000010 nan -0.000051 -0.000031 
103 -0.000000 -0.000011 nan -0.000072 -0.000041 
104 -0.000000 -0.000011 nan -0.000095 -0.000053 
105 -0.000000 -0.000011 nan -0.000117 -0.000064 
106 -0.000000 -0.000011 nan -0.000132 -0.000071 
107 -0.000000 -0.000011 nan -0.000138 -0.000075 
108 -0.000000 -0.000011 nan -0.000150 -0.000080 
109 -0.000000 -0.000012 nan -0.000144 -0.000078 
110 -0.000000 -0.000012 nan -0.000127 -0.000069 
111 -0.000000 -0.000012 nan -0.000068 -0.000040 
112 -0.000000 -0.000012 nan -0.000053 -0.000032 
113 -0.000000 -0.000012 nan -0.000031 -0.000022 
114 -0.000000 -0.000012 nan -0.000011 -0.000011 
115 -0.000000 -0.000012 nan 0.000000 -0.000006 
116 -0.000000 -0.000012 nan 0.000002 -0.000005 
117 -0.000000 -0.000012 nan 0.000002 -0.000005 
118 -0.000000 -0.000012 nan 0.000002 -0.000005 
119 -0.000000 -0.000012 nan 0.000002 -0.000005 
120 -0.000000 -0.000012 nan 0.000002 -0.000005 
121 -0.000000 -0.000012 nan 0.000003 -0.000005 
122 -0.000000 -0.000012 nan 0.000003 -0.000005 
123 -0.000000 -0.000012 nan 0.000003 -0.000005 
124 -0.000000 -0.000012 nan -0.000013 -0.000012 
125 -0.000000 -0.000012 nan -0.000033 -0.000022 
126 -0.000000 -0.000012 nan -0.000049 -0.000031 
127 -0.000000 -0.000012 nan -0.000076 -0.000044 
128 -0.000000 -0.000012 nan -0.000101 -0.000057 
129 -0.000000 -0.000012 nan -0.000127 -0.000070 
130 -0.000000 -0.000013 nan -0.000150 -0.000081 
131 -0.000000 -0.000013 nan -0.000153 -0.000083 
132 -0.000000 -0.000013 nan -0.000168 -0.000091 
133 -0.000000 -0.000013 nan -0.000162 -0.000088 
134 -0.000000 -0.000014 nan -0.000147 -0.000080 
135 -0.000000 -0.000014 nan -0.000119 -0.000066 
136 -0.000000 -0.000014 nan -0.000074 -0.000044 
137 -0.000000 -0.000014 nan -0.000039 -0.000027 
138 -0.000000 -0.000014 nan -0.000010 -0.000012 
139 -0.000000 -0.000014 nan 0.000003 -0.000006 
140 -0.000000 -0.000014 nan 0.000002 -0.000006 
141 -0.000000 -0.000014 nan 0.000002 -0.000006 
142 -0.000000 -0.000014 nan -0.000000 -0.000007 
143 -0.000000 -0.000014 nan -0.000001 -0.000007 
144 -0.000000 -0.000014 nan -0.000001 -0.000008 
145 -0.000000 -0.000014 nan -0.000001 -0.000007 
146 -0.000000 -0.000014 nan -0.000001 -0.000007 
147 -0.000000 -0.000014 nan -0.000001 -0.000007 
148 -0.000000 -0.000014 nan -0.000019 -0.000016 
149 -0.000000 -0.000014 nan -0.000033 -0.000023 
150 -0.000000 -0.000014 nan -0.000046 -0.000030 
151 -0.000000 -0.000014 nan -0.000065 -0.000039 
152 -0.000000 -0.000014 nan -0.000084 -0.000049 
153 -0.000000 -0.000014 nan -0.000117 -0.000066 
154 -0.000000 -0.000014 nan -0.000144 -0.000079 
155 -0.000000 -0.000015 nan -0.000159 -0.000087 
156 -0.000000 -0.000015 nan -0.000166 -0.000091 
157 -0.000000 -0.000016 nan -0.000167 -0.000091 
158 -0.000000 -0.000016 nan -0.000155 -0.000086 
159 -0.000000 -0.000016 nan -0.000115 -0.000066 
160 -0.000000 -0.000017 nan -0.000075 -0.000046 
161 -0.000000 -0.000017 nan -0.000033 -0.000025 
162 -0.000000 -0.000017 nan -0.000012 -0.000014 
163 -0.000000 -0.000017 nan 0.000003 -0.000007 
164 -0.000000 -0.000016 nan 0.000003 -0.000007 
165 -0.000000 -0.000016 nan 0.000003 -0.000007 
166 -0.000000 -0.000016 nan 0.000002 -0.000007 
167 -0.000000 -0.000016 nan 0.000002 -0.000007 
168 -0.000000 -0.000016 nan 0.000002 -0.000007 
169 -0.000000 -0.000016 nan 0.000002 -0.000007 
170 -0.000000 -0.000016 nan 0.000004 -0.000006 
171 -0.000000 -0.000016 nan 0.000003 -0.000006 
172 -0.000000 -0.000016 nan -0.000006 -0.000011 
173 -0.000000 -0.000016 nan -0.000022 -0.000019 
174 -0.000000 -0.000016 nan -0.000045 -0.000030 
175 -0.000000 -0.000016 nan -0.000068 -0.000042 
176 -0.000000 -0.000016 nan -0.000088 -0.000052 
177 -0.000000 -0.000016 nan -0.000103 -0.000059 
178 -0.000000 -0.000016 nan -0.000120 -0.000068 
179 -0.000000 -0.000017 nan -0.000132 -0.000074 
180 -0.000000 -0.000017 nan -0.000125 -0.000071 
181 -0.000000 -0.000018 nan -0.000121 -0.000069 
182 -0.000000 -0.000018 nan -0.000111 -0.000064 
183 -0.000000 -0.000018 nan -0.000089 -0.000054 
184 -0.000000 -0.000019 nan -0.000059 -0.000039 
185 -0.000000 -0.000019 nan -0.000031 -0.000025 
186 -0.000000 -0.000018 nan -0.000006 -0.000012 
187 -0.000000 -0.000018 nan 0.000007 -0.000006 
188 -0.000000 -0.000018 nan 0.000008 -0.000005 
189 -0.000000 -0.000018 nan 0.000007 -0.000005 
190 -0.000000 -0.000018 nan 0.000007 -0.000005 
191 -0.000000 -0.000018 nan 0.000008 -0.000005 
192 -0.000000 -0.000017 nan 0.000008 -0.000005 
193 -0.000000 -0.000017 nan 0.000008 -0.000005 
194 -0.000000 -0.000017 nan 0.000007 -0.000005 
195 -0.000000 -0.000017 nan 0.000007 -0.000005 
196 -0.000000 -0.000017 nan -0.000011 -0.000014 
197 -0.000000 -0.000017 nan -0.000023 -0.000020 
198 -0.000000 -0.000017 nan -0.000041 -0.000029 
199 -0.000000 -0.000017 nan -0.000072 -0.000044 
200 -0.000000 -0.000017 nan -0.000104 -0.000061 
201 -0.000000 -0.000018 nan -0.000134 -0.000076 
202 -0.000000 -0.000018 nan -0.000155 -0.000087 
203 -0.000000 -0.000019 nan -0.000169 -0.000094 
204 -0.000000 -0.000020 nan -0.000176 -0.000098 
205 -0.000000 -0.000020 nan -0.000175 -0.000098 
206 -0.000000 -0.000021 nan -0.000162 -0.000092 
207 -0.000000 -0.000022 nan -0.000135 -0.000078 
208 -0.000000 -0.000022 nan -0.000069 -0.000046 
209 -0.000000 -0.000022 nan -0.000039 -0.000031 
210 -0.000000 -0.000022 nan -0.000007 -0.000014 
211 -0.000000 -0.000022 nan 0.000010 -0.000006 
212 -0.000000 -0.000022 nan 0.000010 -0.000006 
213 -0.000000 -0.000021 nan 0.000010 -0.000006 
214 -0.000000 -0.000021 nan 0.000010 -0.000006 
215 -0.000000 -0.000021 nan 0.000010 -0.000006 
216 -0.000000 -0.000020 nan 0.000009 -0.000006 
217 -0.000000 -0.000020 nan 0.000009 -0.000006 
218 -0.000000 -0.000020 nan 0.000009 -0.000006 
219 -0.000000 -0.000020 nan 0.000008 -0.000006 
220 -0.000000 -0.000020 nan -0.000017 -0.000018 
221 -0.000000 -0.000020 nan -0.000034 -0.000027 
222 -0.000000 -0.000020 nan -0.000053 -0.000036 
223 -0.000000 -0.000020 nan -0.000083 -0.000052 
224 -0.000000 -0.000020 nan -0.000114 -0.000067 
225 -0.000000 -0.000021 nan -0.000139 -0.000080 
226 -0.000000 -0.000022 nan -0.000153 -0.000087 
227 -0.000000 -0.000023 nan -0.000167 -0.000095 
228 -0.000000 -0.000024 nan -0.000175 -0.000099 
229 -0.000000 -0.000025 nan -0.000168 -0.000097 
230 -0.000000 -0.000027 nan -0.000154 -0.000090 
231 -0.000000 -0.000028 nan -0.000120 -0.000074 
232 -0.000000 -0.000028 nan -0.000069 -0.000048 
233 -0.000000 -0.000028 nan -0.000026 -0.000027 
234 -0.000000 -0.000027 nan -0.000002 -0.000015 
235 -0.000000 -0.000027 nan 0.000011 -0.000008 
236 -0.000000 -0.000026 nan 0.000014 -0.000006 
237 -0.000000 -0.000025 nan 0.000013 -0.000006 
238 -0.000000 -0.000025 nan 0.000012 -0.000006 
239 -0.000000 -0.000024 nan 0.000009 -0.000008 
240 -0.000000 -0.000024 nan 0.000009 -0.000008 
241 -0.000000 -0.000024 nan 0.000010 -0.000007 
242 -0.000000 -0.000023 nan 0.000010 -0.000007 
243 -0.000000 -0.000023 nan 0.000009 -0.000007 
244 -0.000000 -0.000023 nan -0.000011 -0.000017 
245 -0.000000 -0.000023 nan -0.000033 -0.000028 
246 -0.000000 -0.000023 nan -0.000054 -0.000038 
247 -0.000000 -0.000023 nan -0.000081 -0.000052 
248 -0.000000 -0.000024 nan -0.000106 -0.000065 
249 -0.000000 -0.000025 nan -0.000128 -0.000076 
250 -0.000000 -0.000026 nan -0.000139 -0.000082 
251 -0.000000 -0.000028 nan -0.000147 -0.000087 
252 -0.000000 -0.000030 nan -0.000149 -0.000089 
253 -0.000000 -0.000032 nan -0.000149 -0.000091 
254 -0.000000 -0.000034 nan -0.000136 -0.000085 
255 -0.000000 -0.000035 nan -0.000109 -0.000072 
256 -0.000000 -0.000035 nan -0.000066 -0.000050 
257 -0.000000 -0.000034 nan -0.000026 -0.000030 
258 -0.000000 -0.000032 nan 0.000003 -0.000015 
259 -0.000000 -0.000031 nan 0.000015 -0.000008 
260 -0.000000 -0.000030 nan 0.000019 -0.000005 
261 -0.000000 -0.000029 nan 0.000018 -0.000005 
262 -0.000000 -0.000028 nan 0.000017 -0.000005 
263 -0.000000 -0.000027 nan 0.000017 -0.000005 
264 -0.000000 -0.000026 nan 0.000014 -0.000006 
265 -0.000000 -0.000025 nan 0.000013 -0.000006 
266 -0.000000 -0.000025 nan 0.000012 -0.000007 
267 -0.000000 -0.000025 nan 0.000010 -0.000007 
268 -0.000000 -0.000024 nan -0.000005 -0.000014 
269 -0.000000 -0.000024 nan -0.000020 -0.000022 
270 -0.000000 -0.000024 nan -0.000050 -0.000037 
271 -0.000000 -0.000025 nan -0.000072 -0.000049 
272 -0.000000 -0.000026 nan -0.000091 -0.000059 
273 -0.000000 -0.000027 nan -0.000098 -0.000063 
274 -0.000000 -0.000028 nan -0.000115 -0.000072 
275 -0.000000 -0.000030 nan -0.000133 -0.000081 
276 -0.000000 -0.000032 nan -0.000143 -0.000087 
277 -0.000000 -0.000033 nan -0.000147 -0.000090 
278 -0.000000 -0.000035 nan -0.000128 -0.000081 
279 -0.000000 -0.000036 nan -0.000123 -0.000079 
280 -0.000000 -0.000036 nan -0.000070 -0.000053 
281 -0.000000 -0.000035 nan -0.000029 -0.000032 
282 -0.000000 -0.000033 nan -0.000001 -0.000017 
283 -0.000000 -0.000032 nan 0.000016 -0.000008 
284 -0.000000 -0.000030 nan 0.000020 -0.000005 
285 -0.000000 -0.000029 nan 0.000019 -0.000005 
286 -0.000000 -0.000028 nan 0.000016 -0.000006 
287 -0.000000 -0.000027 nan 0.000015 -0.000006 
288 -0.000000 -0.000027 nan 0.000014 -0.000006 
289 -0.000000 -0.000026 nan 0.000014 -0.000006 
290 -0.000000 -0.000025 nan 0.000013 -0.000006 
291 -0.000000 -0.000025 nan 0.000012 -0.000007 
292 -0.000000 -0.000025 nan -0.000004 -0.000014 
293 -0.000000 -0.000025 nan -0.000025 -0.000025 
294 -0.000000 -0.000025 nan -0.000034 -0.000029 
295 -0.000000 -0.000025 nan -0.000051 -0.000038 
296 -0.000000 -0.000026 nan -0.000076 -0.000051 
297 -0.000000 -0.000027 nan -0.000088 -0.000057 
298 -0.000000 -0.000028 nan -0.000109 -0.000069 
299 -0.000000 -0.000030 nan -0.000122 -0.000076 
300 -0.000000 -0.000031 nan -0.000115 -0.000073 
301 -0.000000 -0.000033 nan -0.000091 -0.000062 
302 -0.000000 -0.000033 nan -0.000079 -0.000056 
303 -0.000000 -0.000033 nan -0.000078 -0.000055 
304 -0.000000 -0.000033 nan -0.000037 -0.000035 
305 -0.000000 -0.000032 nan -0.000017 -0.000024 
306 -0.000000 -0.000031 nan 0.000009 -0.000011 
307 -0.000000 -0.000030 nan 0.000017 -0.000006 
308 -0.000000 -0.000029 nan 0.000019 -0.000005 
309 -0.000000 -0.000028 nan 0.000019 -0.000004 
310 -0.000000 -0.000027 nan 0.000018 -0.000004 
311 -0.000000 -0.000026 nan 0.000018 -0.000004 
312 -0.000000 -0.000025 nan 0.000016 -0.000005 
313 -0.000000 -0.000025 nan 0.000014 -0.000005 
314 -0.000000 -0.000024 nan 0.000013 -0.000006 
315 -0.000000 -0.000024 nan 0.000010 -0.000007 
316 -0.000000 -0.000023 nan 0.000002 -0.000011 
317 -0.000000 -0.000023 nan -0.000015 -0.000019 
318 -0.000000 -0.000024 nan -0.000034 -0.000029 
319 -0.000000 -0.000024 nan -0.000061 -0.000042 
320 -0.000000 -0.000025 nan -0.000082 -0.000053 
321 -0.000000 -0.000026 nan -0.000105 -0.000065 
322 -0.000000 -0.000028 nan -0.000128 -0.000078 
323 -0.000000 -0.000030 nan -0.000138 -0.000084 
324 -0.000000 -0.000031 nan -0.000136 -0.000083 
325 -0.000000 -0.000032 nan -0.000131 -0.000082 
326 -0.000000 -0.000034 nan -0.000121 -0.000077 
327 -0.000000 -0.000034 nan -0.000092 -0.000063 
328 -0.000000 -0.000034 nan -0.000052 -0.000043 
329 -0.000000 -0.000033 nan -0.000019 -0.000026 
330 -0.000000 -0.000032 nan 0.000007 -0.000013 
331 -0.000000 -0.000031 nan 0.000020 -0.000005 
332 -0.000000 -0.000029 nan 0.000019 -0.000005 
333 -0.000000 -0.000028 nan 0.000019 -0.000005 
334 -0.000000 -0.000027 nan 0.000018 -0.000005 
335 -0.000000 -0.000027 nan 0.000018 -0.000004 
