#### 	 Vertical City Weather Generator (VCWG)  	 #### 
# Soil water potential 
# 0:time [hr] 1:SoilPotWGroundTot_H [MPa] 2:SoilPotWGroundTot_L [MPa] 
0 -0.033128 -0.033328 
1 -0.033239 -0.033595 
2 -0.033339 -0.033825 
3 -0.033430 -0.034026 
4 -0.033525 -0.034223 
5 -0.033704 -0.034615 
6 -0.033938 -0.035120 
7 -0.034184 -0.035642 
8 -0.034490 -0.036299 
9 -0.034874 -0.037136 
10 -0.035400 -0.038303 
11 -0.036086 -0.039834 
12 -0.036822 -0.041472 
13 -0.037483 -0.042904 
14 -0.038138 -0.044340 
15 -0.038705 -0.045580 
16 -0.039059 -0.046228 
17 -0.039236 -0.046400 
18 -0.039355 -0.046443 
19 -0.039370 -0.046243 
20 -0.039376 -0.046051 
21 -0.039387 -0.045896 
22 -0.039401 -0.045761 
23 -0.039417 -0.045646 
24 -0.039435 -0.045547 
25 -0.039453 -0.045456 
26 -0.039472 -0.045373 
27 -0.039490 -0.045298 
28 -0.039517 -0.045246 
29 -0.039610 -0.045373 
30 -0.039789 -0.045731 
31 -0.040072 -0.046366 
32 -0.040475 -0.047311 
33 -0.040971 -0.048483 
34 -0.041492 -0.049694 
35 -0.042094 -0.051125 
36 -0.042791 -0.052820 
37 -0.043516 -0.054602 
38 -0.044212 -0.056313 
39 -0.044836 -0.057827 
40 -0.045278 -0.058765 
41 -0.045530 -0.059132 
42 -0.045619 -0.059044 
43 -0.045583 -0.058620 
44 -0.045511 -0.058128 
45 -0.045433 -0.057646 
46 -0.045351 -0.057175 
47 -0.045271 -0.056731 
48 -0.045195 -0.056319 
49 -0.045123 -0.055932 
50 -0.045053 -0.055567 
51 -0.044988 -0.055228 
52 -0.044971 -0.055034 
53 -0.045150 -0.055426 
54 -0.045440 -0.056123 
55 -0.045834 -0.057101 
56 -0.046315 -0.058295 
57 -0.046825 -0.059556 
58 -0.047343 -0.060833 
59 -0.047870 -0.062135 
60 -0.048401 -0.063449 
61 -0.048891 -0.064642 
62 -0.049360 -0.065776 
63 -0.049830 -0.066919 
64 -0.050265 -0.067939 
65 -0.050532 -0.068425 
66 -0.050606 -0.068328 
67 -0.050521 -0.067762 
68 -0.050419 -0.067180 
69 -0.050312 -0.066611 
70 -0.050202 -0.066050 
71 -0.050090 -0.065503 
72 -0.049985 -0.064993 
73 -0.049883 -0.064509 
74 -0.049782 -0.064043 
75 -0.049682 -0.063593 
76 -0.049595 -0.063189 
77 -0.049754 -0.063551 
78 -0.050035 -0.064248 
79 -0.050469 -0.065368 
80 -0.051079 -0.066988 
81 -0.051843 -0.069055 
82 -0.052740 -0.071523 
83 -0.053783 -0.074475 
84 -0.054956 -0.077870 
85 -0.056202 -0.081548 
86 -0.057371 -0.085038 
87 -0.058161 -0.087240 
88 -0.058741 -0.088685 
89 -0.059018 -0.089065 
90 -0.059085 -0.088801 
91 -0.058984 -0.088035 
92 -0.058844 -0.087175 
93 -0.058703 -0.086340 
94 -0.058560 -0.085526 
95 -0.058423 -0.084759 
96 -0.058325 -0.084155 
97 -0.058228 -0.083568 
98 -0.058130 -0.082995 
99 -0.058039 -0.082460 
100 -0.058009 -0.082135 
101 -0.058130 -0.082333 
102 -0.058381 -0.082925 
103 -0.058841 -0.084168 
104 -0.059501 -0.086037 
105 -0.060387 -0.088662 
106 -0.061474 -0.092020 
107 -0.062688 -0.095898 
108 -0.064010 -0.100232 
109 -0.065441 -0.105058 
110 -0.066811 -0.109788 
111 -0.067922 -0.113566 
112 -0.068620 -0.115619 
113 -0.068955 -0.116255 
114 -0.069050 -0.116040 
115 -0.068914 -0.114997 
116 -0.068718 -0.113771 
117 -0.068517 -0.112558 
118 -0.068318 -0.111383 
119 -0.068122 -0.110244 
120 -0.067927 -0.109135 
121 -0.067732 -0.108051 
122 -0.067538 -0.106993 
123 -0.067346 -0.105964 
124 -0.067198 -0.105119 
125 -0.067370 -0.105543 
126 -0.067684 -0.106447 
127 -0.068236 -0.108178 
128 -0.069086 -0.111011 
129 -0.070246 -0.115076 
130 -0.071747 -0.120588 
131 -0.073449 -0.127105 
132 -0.075272 -0.134335 
133 -0.077242 -0.142410 
134 -0.079112 -0.150344 
135 -0.080720 -0.157331 
136 -0.081813 -0.161729 
137 -0.082306 -0.163118 
138 -0.082404 -0.162775 
139 -0.082198 -0.161109 
140 -0.081936 -0.159259 
141 -0.081680 -0.157476 
142 -0.081457 -0.155898 
143 -0.081256 -0.154469 
144 -0.081069 -0.153132 
145 -0.080885 -0.151835 
146 -0.080700 -0.150548 
147 -0.080513 -0.149272 
148 -0.080441 -0.148526 
149 -0.080644 -0.149077 
150 -0.081000 -0.150230 
151 -0.081556 -0.152195 
152 -0.082384 -0.155367 
153 -0.083580 -0.160295 
154 -0.085286 -0.167809 
155 -0.087353 -0.177368 
156 -0.089609 -0.188133 
157 -0.091993 -0.199908 
158 -0.094387 -0.212335 
159 -0.096452 -0.223637 
160 -0.097727 -0.230265 
161 -0.098317 -0.232709 
162 -0.098380 -0.232157 
163 -0.098165 -0.230104 
164 -0.097846 -0.227541 
165 -0.097544 -0.225121 
166 -0.097249 -0.222777 
167 -0.096962 -0.220517 
168 -0.096684 -0.218339 
169 -0.096403 -0.216165 
170 -0.096111 -0.213950 
171 -0.095809 -0.211692 
172 -0.095590 -0.209913 
173 -0.095614 -0.209516 
174 -0.095946 -0.210792 
175 -0.096699 -0.214360 
176 -0.097812 -0.219994 
177 -0.099254 -0.227615 
178 -0.100994 -0.237199 
179 -0.103081 -0.249204 
180 -0.105242 -0.262079 
181 -0.107320 -0.274833 
182 -0.109342 -0.287642 
183 -0.111048 -0.298698 
184 -0.112181 -0.305513 
185 -0.112701 -0.307865 
186 -0.112727 -0.306920 
187 -0.112370 -0.303493 
188 -0.111908 -0.299421 
189 -0.111451 -0.295446 
190 -0.111001 -0.291570 
191 -0.110554 -0.287772 
192 -0.110112 -0.284056 
193 -0.109676 -0.280423 
194 -0.109243 -0.276866 
195 -0.108816 -0.273385 
196 -0.108523 -0.270844 
197 -0.108644 -0.271150 
198 -0.108988 -0.272678 
199 -0.109830 -0.277253 
200 -0.111305 -0.285967 
201 -0.113458 -0.299502 
202 -0.116218 -0.317875 
203 -0.119430 -0.340456 
204 -0.122973 -0.366668 
205 -0.126691 -0.395643 
206 -0.130388 -0.426056 
207 -0.133626 -0.453952 
208 -0.135695 -0.470984 
209 -0.136420 -0.475213 
210 -0.136531 -0.474204 
211 -0.136021 -0.467953 
212 -0.135375 -0.460722 
213 -0.134736 -0.453677 
214 -0.134111 -0.446879 
215 -0.133498 -0.440300 
216 -0.132900 -0.433945 
217 -0.132315 -0.427800 
218 -0.131743 -0.421842 
219 -0.131182 -0.416068 
220 -0.130910 -0.412877 
221 -0.131337 -0.416089 
222 -0.132090 -0.421808 
223 -0.133455 -0.432513 
224 -0.135613 -0.450332 
225 -0.138546 -0.475878 
226 -0.142088 -0.508493 
227 -0.146148 -0.548113 
228 -0.150584 -0.593918 
229 -0.155201 -0.644233 
230 -0.159619 -0.695155 
231 -0.163409 -0.740977 
232 -0.165722 -0.767529 
233 -0.166558 -0.774535 
234 -0.166407 -0.769141 
235 -0.165729 -0.757759 
236 -0.164795 -0.743393 
237 -0.163900 -0.729840 
238 -0.163014 -0.716695 
239 -0.162273 -0.705861 
240 -0.161555 -0.695540 
241 -0.160836 -0.685374 
242 -0.160053 -0.674458 
243 -0.159345 -0.664760 
244 -0.158900 -0.658300 
245 -0.159302 -0.662501 
246 -0.160303 -0.673637 
247 -0.162072 -0.693697 
248 -0.164681 -0.724366 
249 -0.168099 -0.766332 
250 -0.172138 -0.818288 
251 -0.176562 -0.876905 
252 -0.181215 -0.940895 
253 -0.185963 -1.008700 
254 -0.190560 -1.077300 
255 -0.194258 -1.132353 
256 -0.196127 -1.154392 
257 -0.196529 -1.150809 
258 -0.196020 -1.134279 
259 -0.194929 -1.110241 
260 -0.193629 -1.084073 
261 -0.192309 -1.058397 
262 -0.191045 -1.034542 
263 -0.189817 -1.012050 
264 -0.188701 -0.992134 
265 -0.187672 -0.974179 
266 -0.186707 -0.957652 
267 -0.185809 -0.942528 
268 -0.185222 -0.932431 
269 -0.185295 -0.932709 
270 -0.186169 -0.944418 
271 -0.188078 -0.971408 
272 -0.190722 -1.009519 
273 -0.193894 -1.055999 
274 -0.197516 -1.110176 
275 -0.201883 -1.178415 
276 -0.206858 -1.256608 
277 -0.212211 -1.344288 
278 -0.217163 -1.429858 
279 -0.220731 -1.491837 
280 -0.222768 -1.520586 
281 -0.223271 -1.518975 
282 -0.222670 -1.496841 
283 -0.221334 -1.462261 
284 -0.219691 -1.423551 
285 -0.218113 -1.387654 
286 -0.216625 -1.354834 
287 -0.215265 -1.325697 
288 -0.213970 -1.298671 
289 -0.212728 -1.273390 
290 -0.211582 -1.250589 
291 -0.210485 -1.229216 
292 -0.209726 -1.214218 
293 -0.209964 -1.217677 
294 -0.210781 -1.230900 
295 -0.212121 -1.252871 
296 -0.214374 -1.291097 
297 -0.217499 -1.345514 
298 -0.221303 -1.412547 
299 -0.226032 -1.497110 
300 -0.230970 -1.588148 
301 -0.235020 -1.662317 
302 -0.238108 -1.717072 
303 -0.240917 -1.765254 
304 -0.242644 -1.790148 
305 -0.242911 -1.785103 
306 -0.242202 -1.760169 
307 -0.240723 -1.720521 
308 -0.239079 -1.679068 
309 -0.237406 -1.638180 
310 -0.235795 -1.599979 
311 -0.234243 -1.564171 
312 -0.232768 -1.531094 
313 -0.231438 -1.502003 
314 -0.230182 -1.475087 
315 -0.229071 -1.451678 
316 -0.228178 -1.432653 
317 -0.227995 -1.427657 
318 -0.228672 -1.439124 
319 -0.230461 -1.471825 
320 -0.233426 -1.527412 
321 -0.237416 -1.603552 
322 -0.242663 -1.705108 
323 -0.248833 -1.827852 
324 -0.255253 -1.951207 
325 -0.261501 -2.074538 
326 -0.267502 -2.196016 
327 -0.272313 -2.284041 
328 -0.275097 -2.328540 
329 -0.275881 -2.330516 
330 -0.275169 -2.298754 
331 -0.273360 -2.242183 
332 -0.271363 -2.184025 
333 -0.269436 -2.129766 
334 -0.267588 -2.079256 
335 -0.265803 -2.031821 
