#### 	 Vertical City Weather Generator (VCWG)  	 #### 
# Soil water potential 
# 0:time [hr] 1:SoilPotWGroundTot_H [MPa] 2:SoilPotWGroundTot_L [MPa] 
0 -0.033123 -0.033311 
1 -0.033251 -0.033614 
2 -0.033372 -0.033887 
3 -0.033486 -0.034137 
4 -0.033616 -0.034400 
5 -0.033768 -0.034694 
6 -0.033958 -0.035062 
7 -0.034178 -0.035483 
8 -0.034430 -0.035963 
9 -0.034721 -0.036518 
10 -0.035245 -0.037621 
11 -0.035963 -0.039179 
12 -0.036441 -0.040116 
13 -0.036765 -0.040676 
14 -0.037094 -0.041253 
15 -0.037376 -0.041727 
16 -0.037617 -0.042110 
17 -0.037805 -0.042379 
18 -0.037920 -0.042514 
19 -0.037972 -0.042532 
20 -0.038015 -0.042541 
21 -0.038057 -0.042552 
22 -0.038096 -0.042565 
23 -0.038133 -0.042576 
24 -0.038168 -0.042587 
25 -0.038198 -0.042590 
26 -0.038223 -0.042586 
27 -0.038245 -0.042576 
28 -0.038287 -0.042603 
29 -0.038357 -0.042680 
30 -0.038471 -0.042863 
31 -0.038634 -0.043152 
32 -0.038825 -0.043496 
33 -0.038968 -0.043669 
34 -0.039432 -0.044668 
35 -0.040163 -0.046367 
36 -0.040644 -0.047376 
37 -0.040961 -0.047954 
38 -0.041253 -0.048467 
39 -0.041512 -0.048899 
40 -0.041741 -0.049260 
41 -0.041907 -0.049476 
42 -0.041972 -0.049480 
43 -0.041895 -0.049142 
44 -0.041853 -0.048938 
45 -0.041839 -0.048826 
46 -0.041829 -0.048727 
47 -0.041819 -0.048636 
48 -0.041787 -0.048462 
49 -0.041732 -0.048227 
50 -0.041685 -0.048039 
51 -0.041686 -0.048021 
52 -0.041726 -0.048071 
53 -0.041811 -0.048208 
54 -0.041924 -0.048390 
55 -0.042044 -0.048571 
56 -0.042080 -0.048487 
57 -0.042008 -0.048163 
58 -0.042088 -0.048306 
59 -0.042351 -0.048881 
60 -0.042554 -0.049251 
61 -0.042729 -0.049582 
62 -0.042908 -0.049919 
63 -0.043096 -0.050283 
64 -0.043258 -0.050582 
65 -0.043373 -0.050769 
66 -0.043424 -0.050815 
67 -0.043416 -0.050747 
68 -0.043390 -0.050648 
69 -0.043356 -0.050508 
70 -0.043311 -0.050340 
71 -0.043263 -0.050169 
72 -0.043213 -0.049996 
73 -0.043170 -0.049852 
74 -0.043122 -0.049693 
75 -0.043061 -0.049493 
76 -0.043007 -0.049312 
77 -0.042961 -0.049123 
78 -0.042911 -0.048921 
79 -0.042885 -0.048801 
80 -0.042897 -0.048776 
81 -0.042955 -0.048853 
82 -0.043187 -0.049383 
83 -0.043609 -0.050425 
84 -0.043859 -0.050948 
85 -0.044070 -0.051369 
86 -0.044289 -0.051821 
87 -0.044484 -0.052191 
88 -0.044597 -0.052350 
89 -0.044630 -0.052295 
90 -0.044573 -0.052040 
91 -0.044475 -0.051729 
92 -0.044389 -0.051472 
93 -0.044311 -0.051257 
94 -0.044255 -0.051117 
95 -0.044205 -0.050981 
96 -0.044144 -0.050803 
97 -0.044065 -0.050574 
98 -0.043970 -0.050303 
99 -0.043844 -0.049934 
100 -0.043446 -0.048471 
101 -0.038672 -0.033194 
102 -0.035409 -0.031049 
103 -0.032825 -0.029164 
104 -0.032124 -0.027676 
105 -0.031712 -0.027140 
106 -0.031644 -0.027445 
107 -0.031458 -0.027219 
108 -0.030769 -0.025518 
109 -0.029844 -0.023708 
110 -0.029396 -0.023349 
111 -0.029270 -0.023686 
112 -0.029328 -0.024321 
113 -0.029463 -0.024984 
114 -0.029593 -0.025532 
115 -0.029723 -0.026017 
116 -0.029836 -0.026415 
117 -0.029938 -0.026754 
118 -0.030030 -0.027050 
119 -0.030117 -0.027320 
120 -0.030199 -0.027569 
121 -0.030277 -0.027798 
122 -0.030352 -0.028010 
123 -0.030424 -0.028210 
124 -0.030495 -0.028399 
125 -0.030564 -0.028572 
126 -0.030629 -0.028733 
127 -0.030697 -0.028892 
128 -0.030760 -0.029037 
129 -0.030825 -0.029184 
130 -0.030915 -0.029380 
131 -0.031028 -0.029620 
132 -0.031131 -0.029834 
133 -0.031224 -0.030022 
134 -0.031317 -0.030209 
135 -0.031411 -0.030397 
136 -0.031495 -0.030561 
137 -0.031568 -0.030701 
138 -0.031625 -0.030810 
139 -0.031666 -0.030886 
140 -0.031708 -0.030967 
141 -0.031751 -0.031050 
142 -0.031793 -0.031130 
143 -0.031833 -0.031207 
144 -0.031871 -0.031278 
145 -0.031908 -0.031347 
146 -0.031945 -0.031415 
147 -0.031980 -0.031480 
148 -0.032017 -0.031547 
149 -0.032061 -0.031626 
150 -0.032113 -0.031722 
151 -0.032174 -0.031835 
152 -0.032239 -0.031955 
153 -0.032310 -0.032081 
154 -0.032414 -0.032281 
155 -0.032554 -0.032557 
156 -0.032659 -0.032742 
157 -0.032743 -0.032876 
158 -0.032821 -0.032997 
159 -0.032895 -0.033428 
160 -0.032961 -0.033799 
161 -0.033067 -0.034095 
162 -0.033235 -0.034301 
163 -0.033359 -0.034443 
164 -0.033477 -0.034578 
165 -0.033590 -0.034708 
166 -0.033700 -0.034832 
167 -0.033805 -0.034945 
168 -0.033906 -0.035050 
169 -0.034009 -0.035161 
170 -0.034117 -0.035276 
171 -0.034222 -0.035390 
172 -0.034337 -0.035524 
173 -0.034483 -0.035718 
174 -0.034665 -0.035986 
175 -0.034878 -0.036315 
176 -0.035122 -0.036699 
177 -0.035347 -0.036993 
178 -0.035764 -0.037734 
179 -0.036400 -0.038997 
180 -0.036834 -0.039753 
181 -0.037151 -0.040242 
182 -0.037459 -0.040712 
183 -0.037747 -0.041140 
184 -0.038004 -0.041504 
185 -0.038212 -0.041770 
186 -0.038352 -0.041913 
187 -0.038441 -0.041976 
188 -0.038520 -0.042025 
189 -0.038597 -0.042078 
190 -0.038670 -0.042130 
191 -0.038740 -0.042179 
192 -0.038805 -0.042223 
193 -0.038862 -0.042252 
194 -0.038916 -0.042279 
195 -0.038966 -0.042302 
196 -0.039034 -0.042361 
197 -0.039131 -0.042474 
198 -0.039263 -0.042667 
199 -0.039421 -0.042914 
200 -0.039605 -0.043205 
201 -0.039811 -0.043528 
202 -0.040197 -0.044293 
203 -0.040814 -0.045634 
204 -0.041242 -0.046469 
205 -0.041555 -0.047021 
206 -0.041863 -0.047558 
207 -0.042154 -0.048055 
208 -0.042412 -0.048477 
209 -0.042621 -0.048789 
210 -0.042737 -0.048913 
211 -0.042767 -0.048854 
212 -0.042803 -0.048832 
213 -0.042838 -0.048816 
214 -0.042875 -0.048812 
215 -0.042905 -0.048793 
216 -0.042926 -0.048756 
217 -0.042937 -0.048699 
218 -0.042944 -0.048630 
219 -0.042942 -0.048535 
220 -0.042937 -0.048407 
221 -0.042947 -0.048305 
222 -0.043004 -0.048331 
223 -0.043131 -0.048534 
224 -0.043341 -0.048946 
225 -0.043620 -0.049519 
226 -0.044173 -0.050797 
227 -0.044992 -0.052770 
228 -0.045532 -0.053962 
229 -0.045903 -0.054701 
230 -0.046240 -0.055346 
231 -0.046536 -0.055891 
232 -0.046787 -0.056325 
233 -0.046980 -0.056615 
234 -0.047074 -0.056687 
235 -0.047089 -0.056598 
236 -0.047093 -0.056495 
237 -0.047092 -0.056385 
238 -0.047086 -0.056269 
239 -0.047076 -0.056147 
240 -0.047062 -0.056020 
241 -0.047043 -0.055888 
242 -0.047021 -0.055749 
243 -0.046998 -0.055611 
244 -0.047002 -0.055534 
245 -0.047053 -0.055565 
246 -0.047158 -0.055733 
247 -0.047317 -0.056033 
248 -0.047530 -0.056456 
249 -0.047775 -0.056940 
250 -0.048315 -0.058220 
251 -0.049162 -0.060363 
252 -0.049686 -0.061563 
253 -0.050031 -0.062258 
254 -0.050361 -0.062911 
255 -0.050654 -0.063464 
256 -0.050898 -0.063892 
257 -0.051070 -0.064134 
258 -0.051125 -0.064098 
259 -0.051022 -0.063651 
260 -0.050905 -0.063186 
261 -0.050788 -0.062741 
262 -0.050671 -0.062312 
263 -0.050592 -0.062013 
264 -0.050532 -0.061787 
265 -0.050480 -0.061587 
266 -0.050431 -0.061399 
267 -0.050379 -0.061208 
268 -0.050352 -0.061067 
269 -0.050364 -0.061013 
270 -0.050432 -0.061096 
271 -0.050567 -0.061336 
272 -0.050709 -0.061554 
273 -0.050815 -0.061626 
274 -0.051295 -0.062744 
275 -0.052172 -0.065034 
276 -0.052746 -0.066420 
277 -0.053168 -0.067360 
278 -0.053558 -0.068195 
279 -0.053905 -0.068897 
280 -0.054205 -0.069477 
281 -0.054423 -0.069853 
282 -0.054524 -0.069966 
283 -0.054433 -0.069564 
284 -0.054322 -0.069120 
285 -0.054196 -0.068646 
286 -0.054070 -0.068186 
287 -0.053944 -0.067737 
288 -0.053879 -0.067506 
289 -0.053838 -0.067355 
290 -0.053795 -0.067202 
291 -0.053750 -0.067044 
292 -0.053727 -0.066927 
293 -0.053775 -0.066963 
294 -0.053887 -0.067170 
295 -0.054048 -0.067502 
296 -0.054257 -0.067946 
297 -0.054535 -0.068554 
298 -0.055169 -0.070186 
299 -0.056173 -0.072951 
300 -0.056802 -0.074551 
301 -0.057203 -0.075463 
302 -0.057581 -0.076307 
303 -0.057926 -0.077054 
304 -0.058233 -0.077691 
305 -0.058437 -0.078052 
306 -0.058489 -0.078039 
307 -0.058433 -0.077767 
308 -0.058371 -0.077496 
309 -0.058303 -0.077214 
310 -0.058228 -0.076916 
311 -0.058146 -0.076605 
312 -0.058059 -0.076286 
313 -0.057970 -0.075966 
314 -0.057877 -0.075637 
315 -0.057781 -0.075304 
316 -0.057709 -0.075029 
317 -0.057705 -0.074916 
318 -0.057780 -0.075029 
319 -0.057929 -0.075337 
320 -0.058139 -0.075802 
321 -0.058413 -0.076433 
322 -0.059050 -0.078163 
323 -0.060076 -0.081145 
324 -0.060714 -0.082864 
325 -0.061140 -0.083908 
326 -0.061553 -0.084905 
327 -0.061958 -0.085880 
328 -0.062283 -0.086618 
329 -0.062457 -0.086913 
330 -0.062490 -0.086832 
331 -0.062421 -0.086513 
332 -0.062334 -0.086153 
333 -0.062240 -0.085776 
334 -0.062140 -0.085384 
335 -0.062033 -0.084981 
336 -0.061917 -0.084555 
337 -0.061800 -0.084126 
338 -0.061676 -0.083685 
339 -0.061549 -0.083243 
340 -0.061453 -0.082874 
341 -0.061429 -0.082695 
342 -0.061498 -0.082789 
343 -0.061661 -0.083152 
344 -0.061892 -0.083696 
345 -0.062189 -0.084413 
346 -0.062870 -0.086355 
347 -0.063982 -0.089744 
348 -0.064657 -0.091657 
349 -0.065086 -0.092753 
350 -0.065489 -0.093751 
351 -0.065856 -0.094630 
352 -0.066172 -0.095356 
353 -0.066386 -0.095777 
354 -0.066439 -0.095772 
355 -0.066386 -0.095506 
356 -0.066318 -0.095199 
357 -0.066240 -0.094869 
358 -0.066145 -0.094476 
359 -0.066033 -0.094036 
360 -0.065910 -0.093565 
361 -0.065780 -0.093082 
362 -0.065642 -0.092580 
363 -0.065498 -0.092057 
364 -0.065384 -0.091609 
365 -0.065359 -0.091402 
366 -0.065459 -0.091578 
367 -0.065659 -0.092058 
368 -0.065899 -0.092648 
369 -0.066164 -0.093287 
370 -0.066906 -0.095498 
371 -0.068125 -0.099411 
372 -0.068853 -0.101590 
373 -0.069308 -0.102821 
374 -0.069729 -0.103926 
375 -0.070099 -0.104856 
376 -0.070403 -0.105576 
377 -0.070618 -0.106006 
378 -0.070619 -0.105824 
379 -0.070495 -0.105291 
380 -0.070367 -0.104766 
381 -0.070236 -0.104238 
382 -0.070098 -0.103695 
383 -0.069954 -0.103138 
384 -0.069804 -0.102562 
385 -0.069648 -0.101976 
386 -0.069487 -0.101382 
387 -0.069322 -0.100780 
388 -0.069188 -0.100254 
389 -0.069139 -0.099968 
390 -0.069196 -0.100020 
391 -0.069344 -0.100359 
392 -0.069566 -0.100919 
393 -0.069892 -0.101805 
394 -0.070623 -0.104118 
395 -0.071722 -0.107793 
396 -0.072412 -0.109939 
397 -0.072910 -0.111402 
398 -0.073376 -0.112745 
399 -0.073778 -0.113859 
400 -0.074105 -0.114703 
401 -0.074264 -0.114981 
402 -0.074219 -0.114631 
403 -0.074063 -0.113977 
404 -0.073893 -0.113288 
405 -0.073715 -0.112573 
406 -0.073529 -0.111844 
407 -0.073341 -0.111116 
408 -0.073143 -0.110357 
409 -0.072933 -0.109558 
410 -0.072722 -0.108768 
411 -0.072512 -0.107998 
412 -0.072327 -0.107287 
413 -0.072213 -0.106783 
414 -0.072197 -0.106605 
415 -0.072279 -0.106753 
416 -0.072456 -0.107216 
417 -0.072629 -0.107571 
418 -0.072982 -0.108561 
419 -0.073516 -0.110225 
420 -0.073792 -0.110923 
421 -0.074019 -0.111491 
422 -0.074250 -0.112109 
423 -0.074427 -0.112532 
424 -0.074539 -0.112721 
425 -0.074525 -0.112473 
426 -0.074401 -0.111905 
427 -0.074196 -0.111150 
428 -0.073979 -0.110350 
429 -0.073758 -0.109539 
430 -0.073541 -0.108763 
431 -0.073329 -0.108013 
432 -0.073115 -0.107263 
433 -0.072901 -0.106526 
434 -0.072689 -0.105807 
435 -0.072478 -0.105089 
436 -0.072288 -0.104421 
437 -0.072164 -0.103944 
438 -0.072138 -0.103788 
439 -0.072212 -0.103923 
440 -0.072340 -0.104211 
441 -0.072516 -0.104586 
442 -0.072978 -0.105938 
443 -0.073777 -0.108561 
444 -0.074308 -0.110178 
445 -0.074612 -0.110999 
446 -0.074887 -0.111699 
447 -0.075113 -0.112236 
448 -0.075280 -0.112581 
449 -0.075353 -0.112625 
450 -0.075262 -0.112201 
451 -0.075062 -0.111464 
452 -0.074869 -0.110779 
453 -0.074674 -0.110091 
454 -0.074480 -0.109414 
455 -0.074284 -0.108740 
456 -0.074087 -0.108065 
457 -0.073886 -0.107387 
458 -0.073683 -0.106704 
459 -0.073484 -0.106040 
460 -0.073309 -0.105445 
461 -0.073199 -0.105024 
462 -0.073173 -0.104870 
463 -0.073235 -0.104975 
464 -0.073362 -0.105256 
465 -0.073442 -0.105277 
466 -0.074071 -0.107162 
467 -0.075229 -0.110961 
468 -0.075885 -0.112963 
469 -0.076253 -0.113942 
470 -0.076573 -0.114724 
471 -0.076865 -0.115413 
472 -0.077118 -0.116002 
473 -0.077296 -0.116358 
474 -0.077210 -0.115917 
475 -0.076940 -0.114872 
476 -0.076742 -0.114147 
477 -0.076583 -0.113586 
478 -0.076420 -0.113023 
479 -0.076254 -0.112450 
480 -0.076080 -0.111858 
481 -0.075901 -0.111250 
482 -0.075716 -0.110627 
483 -0.075527 -0.109993 
484 -0.075366 -0.109431 
485 -0.075276 -0.109065 
486 -0.075289 -0.109021 
487 -0.075392 -0.109254 
488 -0.075570 -0.109703 
489 -0.075842 -0.110426 
490 -0.076517 -0.112547 
491 -0.077684 -0.116458 
492 -0.078362 -0.118576 
493 -0.078810 -0.119865 
494 -0.079226 -0.121037 
495 -0.079567 -0.121957 
496 -0.079813 -0.122552 
497 -0.079947 -0.122777 
498 -0.079894 -0.122464 
499 -0.079732 -0.121852 
500 -0.079561 -0.121211 
501 -0.079385 -0.120565 
502 -0.079203 -0.119902 
503 -0.079016 -0.119230 
504 -0.078827 -0.118554 
505 -0.078638 -0.117882 
506 -0.078440 -0.117175 
507 -0.078231 -0.116424 
508 -0.078050 -0.115750 
509 -0.077946 -0.115311 
510 -0.077956 -0.115248 
511 -0.078057 -0.115484 
512 -0.078218 -0.115916 
513 -0.078423 -0.116431 
514 -0.078912 -0.117911 
515 -0.079624 -0.120203 
516 -0.079972 -0.121160 
517 -0.080288 -0.122122 
518 -0.080573 -0.122956 
519 -0.080761 -0.123448 
520 -0.080875 -0.123677 
521 -0.080864 -0.123411 
522 -0.080719 -0.122732 
523 -0.080518 -0.121998 
524 -0.080318 -0.121281 
525 -0.080101 -0.120469 
526 -0.079866 -0.119572 
527 -0.079642 -0.118759 
528 -0.079424 -0.117973 
529 -0.079203 -0.117182 
530 -0.078996 -0.116471 
531 -0.078777 -0.115693 
532 -0.078570 -0.114933 
533 -0.078422 -0.114339 
534 -0.078370 -0.114052 
535 -0.078408 -0.114070 
536 -0.078511 -0.114298 
537 -0.078489 -0.113885 
538 -0.078303 -0.112833 
539 -0.078268 -0.112539 
540 -0.078370 -0.112740 
541 -0.078495 -0.113067 
542 -0.078681 -0.113636 
543 -0.078853 -0.114163 
544 -0.078941 -0.114402 
545 -0.078958 -0.114410 
546 -0.078846 -0.114041 
547 -0.078666 -0.113495 
548 -0.078482 -0.112940 
549 -0.078294 -0.112366 
550 -0.078104 -0.111779 
551 -0.077911 -0.111181 
552 -0.077710 -0.110551 
553 -0.077503 -0.109898 
554 -0.077301 -0.109280 
555 -0.077102 -0.108682 
556 -0.076919 -0.108122 
557 -0.076798 -0.107738 
558 -0.076780 -0.107666 
559 -0.076840 -0.107822 
560 -0.076977 -0.108182 
561 -0.077062 -0.108269 
562 -0.077576 -0.109755 
563 -0.078718 -0.113430 
564 -0.079355 -0.115360 
565 -0.079718 -0.116365 
566 -0.080040 -0.117211 
567 -0.080316 -0.117892 
568 -0.080529 -0.118374 
569 -0.080629 -0.118516 
570 -0.080563 -0.118209 
571 -0.080372 -0.117538 
572 -0.080107 -0.116595 
573 -0.079843 -0.115669 
574 -0.079580 -0.114758 
575 -0.079370 -0.114064 
576 -0.079177 -0.113445 
577 -0.078992 -0.112866 
578 -0.078804 -0.112275 
579 -0.078609 -0.111660 
580 -0.078430 -0.111087 
581 -0.078339 -0.110763 
582 -0.078365 -0.110798 
583 -0.078495 -0.111145 
584 -0.078710 -0.111730 
585 -0.078998 -0.112506 
586 -0.079612 -0.114371 
587 -0.080628 -0.117658 
588 -0.081368 -0.119920 
589 -0.081886 -0.121416 
590 -0.082320 -0.122604 
591 -0.082755 -0.123805 
592 -0.083082 -0.124669 
593 -0.083244 -0.124859 
594 -0.083189 -0.124417 
595 -0.082938 -0.123427 
596 -0.082801 -0.122981 
597 -0.082677 -0.122579 
598 -0.082546 -0.122159 
599 -0.082410 -0.121716 
600 -0.082266 -0.121250 
601 -0.082121 -0.120779 
602 -0.081971 -0.120289 
603 -0.081817 -0.119789 
604 -0.081686 -0.119350 
605 -0.081621 -0.118994 
606 -0.081656 -0.118957 
607 -0.081827 -0.119425 
608 -0.082091 -0.120175 
609 -0.082438 -0.121190 
610 -0.083062 -0.123203 
611 -0.083984 -0.126334 
612 -0.084612 -0.128317 
613 -0.085158 -0.129975 
614 -0.085622 -0.131342 
615 -0.085974 -0.132313 
616 -0.086173 -0.132783 
617 -0.086251 -0.132835 
618 -0.086139 -0.132241 
619 -0.085929 -0.131358 
620 -0.085687 -0.130345 
621 -0.085435 -0.129331 
622 -0.085241 -0.128654 
623 -0.084991 -0.127663 
624 -0.084673 -0.126344 
625 -0.084274 -0.124676 
626 -0.083860 -0.123009 
627 -0.083445 -0.121371 
628 -0.082941 -0.119275 
629 -0.082275 -0.116372 
630 -0.080772 -0.109240 
631 -0.079251 -0.102803 
632 -0.077308 -0.094808 
633 -0.075306 -0.087791 
634 -0.074934 -0.087592 
635 -0.074784 -0.087756 
636 -0.074742 -0.088076 
637 -0.074739 -0.088381 
638 -0.074753 -0.088644 
639 -0.074756 -0.088859 
640 -0.074770 -0.089074 
641 -0.074737 -0.089194 
642 -0.074600 -0.089123 
643 -0.074407 -0.088907 
644 -0.074215 -0.088676 
645 -0.074048 -0.088513 
646 -0.073886 -0.088360 
647 -0.073736 -0.088236 
648 -0.073623 -0.088208 
649 -0.073558 -0.088355 
650 -0.073492 -0.088470 
651 -0.073429 -0.088577 
652 -0.073382 -0.088697 
653 -0.073408 -0.088960 
654 -0.073530 -0.089467 
655 -0.073740 -0.090182 
656 -0.074022 -0.091053 
657 -0.074367 -0.092055 
658 -0.075082 -0.094102 
659 -0.076291 -0.097637 
660 -0.077042 -0.099783 
661 -0.077632 -0.101440 
662 -0.078171 -0.102947 
663 -0.078646 -0.104271 
664 -0.078989 -0.105218 
665 -0.079186 -0.105740 
666 -0.079224 -0.105843 
667 -0.079152 -0.105687 
668 -0.079073 -0.105517 
669 -0.078991 -0.105340 
670 -0.078893 -0.105112 
671 -0.078797 -0.104890 
672 -0.078706 -0.104687 
673 -0.078603 -0.104385 
674 -0.078439 -0.103812 
675 -0.078093 -0.102437 
676 -0.075520 -0.090485 
677 -0.066802 -0.060413 
678 -0.060133 -0.045327 
679 -0.056471 -0.039573 
680 -0.054098 -0.036516 
681 -0.051838 -0.033640 
682 -0.048809 -0.032044 
683 -0.045098 -0.030571 
684 -0.038995 -0.027678 
685 -0.033556 -0.025456 
686 -0.032461 -0.024667 
687 -0.031927 -0.024294 
688 -0.031863 -0.024823 
689 -0.031721 -0.024911 
690 -0.031522 -0.024812 
691 -0.031397 -0.024912 
692 -0.031411 -0.025347 
693 -0.031484 -0.025826 
694 -0.031552 -0.026236 
695 -0.031663 -0.026714 
696 -0.031754 -0.027081 
697 -0.031838 -0.027401 
698 -0.031931 -0.027730 
699 -0.032019 -0.028023 
700 -0.032103 -0.028286 
701 -0.032185 -0.028533 
702 -0.032265 -0.028759 
703 -0.032327 -0.028919 
704 -0.032371 -0.029024 
705 -0.032434 -0.029192 
706 -0.032515 -0.029393 
707 -0.032607 -0.029615 
708 -0.032705 -0.029842 
709 -0.032793 -0.030043 
710 -0.032876 -0.030226 
711 -0.032956 -0.030400 
712 -0.033135 -0.030570 
713 -0.033445 -0.030744 
714 -0.033699 -0.030891 
715 -0.033905 -0.031009 
716 -0.034105 -0.031121 
717 -0.034301 -0.031230 
718 -0.034492 -0.031334 
719 -0.034679 -0.031435 
720 -0.034872 -0.031538 
721 -0.035076 -0.031646 
722 -0.035277 -0.031750 
723 -0.035475 -0.031852 
724 -0.035675 -0.031952 
725 -0.035891 -0.032057 
726 -0.036133 -0.032172 
727 -0.036407 -0.032300 
728 -0.036722 -0.032439 
729 -0.037024 -0.032559 
730 -0.037266 -0.032645 
731 -0.037407 -0.032673 
732 -0.036922 -0.032214 
733 -0.033833 -0.029832 
734 -0.032222 -0.027176 
735 -0.031346 -0.025335 
736 -0.030835 -0.024661 
737 -0.030693 -0.024862 
738 -0.030546 -0.024809 
739 -0.030235 -0.024329 
740 -0.029830 -0.023601 
741 -0.029248 -0.022567 
742 -0.028892 -0.022283 
743 -0.028777 -0.022490 
