#### 	 Vertical City Weather Generator (VCWG)  	 #### 
# Transpiration from low and high vegetation 
# 0:time [hr] 1:TEgveg_imp [kg m^-2 s^-1] 2:TEtree_imp [kg m^-2 s^-1] 3:TEgveg_bare [kg m^-2 s^-1] 4:TEtree_bare [kg m^-2 s^-1] 5:TEgveg_veg [kg m^-2 s^-1] 6:TEtree_veg [kg m^-2 s^-1]
0 0.000000 0.000005 nan nan 0.000013 0.000005 
1 0.000000 0.000005 nan nan 0.000013 0.000005 
2 0.000000 0.000004 nan nan 0.000013 0.000004 
3 0.000000 0.000004 nan nan 0.000013 0.000004 
4 0.000000 0.000014 nan nan 0.000012 0.000014 
5 0.000000 0.000020 nan nan 0.000014 0.000020 
6 0.000000 0.000024 nan nan 0.000017 0.000024 
7 0.000000 0.000029 nan nan 0.000019 0.000029 
8 0.000000 0.000034 nan nan 0.000021 0.000034 
9 0.000000 0.000047 nan nan 0.000025 0.000047 
10 0.000000 0.000057 nan nan 0.000061 0.000057 
11 0.000000 0.000063 nan nan 0.000068 0.000063 
12 0.000000 0.000046 nan nan 0.000025 0.000046 
13 0.000000 0.000046 nan nan 0.000024 0.000046 
14 0.000000 0.000052 nan nan 0.000025 0.000052 
15 0.000000 0.000039 nan nan 0.000021 0.000039 
16 0.000000 0.000037 nan nan 0.000019 0.000037 
17 0.000000 0.000029 nan nan 0.000015 0.000029 
18 0.000000 0.000012 nan nan 0.000015 0.000012 
19 0.000000 0.000006 nan nan 0.000013 0.000006 
20 0.000000 0.000006 nan nan 0.000013 0.000006 
21 0.000000 0.000005 nan nan 0.000013 0.000005 
22 0.000000 0.000005 nan nan 0.000013 0.000005 
23 0.000000 0.000005 nan nan 0.000013 0.000005 
24 0.000000 0.000004 nan nan 0.000012 0.000004 
25 0.000000 0.000004 nan nan 0.000012 0.000004 
26 0.000000 0.000003 nan nan 0.000011 0.000003 
27 0.000000 0.000003 nan nan 0.000010 0.000003 
28 0.000000 0.000015 nan nan 0.000011 0.000015 
29 0.000000 0.000016 nan nan 0.000012 0.000016 
30 0.000000 0.000024 nan nan 0.000016 0.000024 
31 0.000000 0.000029 nan nan 0.000018 0.000029 
32 0.000000 0.000035 nan nan 0.000017 0.000035 
33 0.000000 0.000043 nan nan 0.000003 0.000043 
34 0.000000 0.000068 nan nan 0.000060 0.000068 
35 0.000000 0.000066 nan nan 0.000067 0.000066 
36 0.000000 0.000050 nan nan 0.000027 0.000050 
37 0.000000 0.000050 nan nan 0.000024 0.000050 
38 0.000000 0.000049 nan nan 0.000021 0.000049 
39 0.000000 0.000047 nan nan 0.000019 0.000047 
40 0.000000 0.000042 nan nan 0.000016 0.000042 
41 0.000000 0.000031 nan nan 0.000012 0.000031 
42 0.000000 0.000012 nan nan 0.000001 0.000012 
43 0.000000 0.000006 nan nan 0.000001 0.000006 
44 0.000000 0.000006 nan nan 0.000011 0.000006 
45 0.000000 0.000006 nan nan 0.000011 0.000006 
46 0.000000 0.000005 nan nan 0.000011 0.000005 
47 0.000000 0.000005 nan nan 0.000011 0.000005 
48 0.000000 0.000005 nan nan 0.000010 0.000005 
49 0.000000 0.000004 nan nan 0.000009 0.000004 
50 0.000000 0.000004 nan nan 0.000011 0.000004 
51 0.000000 0.000005 nan nan 0.000012 0.000005 
52 0.000000 0.000017 nan nan 0.000012 0.000017 
53 0.000000 0.000023 nan nan 0.000015 0.000023 
54 0.000000 0.000024 nan nan 0.000017 0.000024 
55 0.000000 0.000024 nan nan 0.000019 0.000024 
56 0.000000 0.000014 nan nan 0.000015 0.000014 
57 0.000000 0.000011 nan nan 0.000016 0.000011 
58 0.000000 0.000025 nan nan 0.000046 0.000025 
59 0.000000 0.000038 nan nan 0.000062 0.000038 
60 0.000000 0.000036 nan nan 0.000027 0.000036 
61 0.000000 0.000036 nan nan 0.000024 0.000036 
62 0.000000 0.000035 nan nan 0.000020 0.000035 
63 0.000000 0.000034 nan nan 0.000018 0.000034 
64 0.000000 0.000030 nan nan 0.000015 0.000030 
65 0.000000 0.000024 nan nan 0.000012 0.000024 
66 0.000000 0.000012 nan nan 0.000011 0.000012 
67 0.000000 0.000004 nan nan 0.000010 0.000004 
68 0.000000 0.000004 nan nan 0.000010 0.000004 
69 0.000000 0.000004 nan nan 0.000010 0.000004 
70 0.000000 0.000004 nan nan 0.000010 0.000004 
71 0.000000 0.000004 nan nan 0.000009 0.000004 
72 0.000000 0.000004 nan nan 0.000009 0.000004 
73 0.000000 0.000004 nan nan 0.000010 0.000004 
74 0.000000 0.000003 nan nan 0.000009 0.000003 
75 0.000000 0.000003 nan nan 0.000009 0.000003 
76 0.000000 0.000007 nan nan 0.000008 0.000007 
77 0.000000 0.000009 nan nan 0.000007 0.000009 
78 0.000000 0.000010 nan nan 0.000008 0.000010 
79 0.000000 0.000014 nan nan 0.000014 0.000014 
80 0.000000 0.000020 nan nan 0.000018 0.000020 
81 0.000000 0.000027 nan nan 0.000020 0.000027 
82 0.000000 0.000035 nan nan 0.000054 0.000035 
83 0.000000 0.000037 nan nan 0.000053 0.000037 
84 0.000000 0.000034 nan nan 0.000025 0.000034 
85 0.000000 0.000035 nan nan 0.000024 0.000035 
86 0.000000 0.000034 nan nan 0.000022 0.000034 
87 0.000000 0.000036 nan nan 0.000019 0.000036 
88 0.000000 0.000021 nan nan 0.000012 0.000021 
89 0.000000 0.000019 nan nan 0.000009 0.000019 
90 0.000000 0.000006 nan nan 0.000008 0.000006 
91 0.000000 0.000003 nan nan 0.000009 0.000003 
92 0.000000 0.000004 nan nan 0.000009 0.000004 
93 0.000000 0.000003 nan nan 0.000008 0.000003 
94 0.000000 0.000003 nan nan 0.000008 0.000003 
95 0.000000 0.000003 nan nan 0.000008 0.000003 
96 0.000000 0.000003 nan nan 0.000007 0.000003 
97 0.000000 0.000002 nan nan 0.000006 0.000002 
98 0.000000 0.000002 nan nan 0.000005 0.000002 
99 0.000000 0.000001 nan nan 0.000005 0.000001 
100 0.000000 0.000000 nan nan 0.000001 0.000000 
101 0.000000 0.000000 nan nan 0.000000 0.000000 
102 0.000000 0.000000 nan nan 0.000000 0.000000 
103 0.000000 0.000000 nan nan 0.000000 0.000000 
104 0.000000 0.000000 nan nan 0.000000 0.000000 
105 0.000000 0.000000 nan nan 0.000000 0.000000 
106 0.000000 0.000000 nan nan 0.000000 0.000000 
107 0.000000 0.000000 nan nan 0.000000 0.000000 
108 0.000000 0.000000 nan nan 0.000000 0.000000 
109 0.000000 0.000000 nan nan 0.000000 0.000000 
110 0.000000 0.000000 nan nan 0.000000 0.000000 
111 0.000000 0.000000 nan nan 0.000000 0.000000 
112 0.000000 0.000000 nan nan 0.000000 0.000000 
113 0.000000 0.000000 nan nan 0.000000 0.000000 
114 0.000000 0.000001 nan nan 0.000000 0.000001 
115 0.000000 0.000001 nan nan 0.000001 0.000001 
116 0.000000 0.000001 nan nan 0.000001 0.000001 
117 0.000000 0.000002 nan nan 0.000001 0.000002 
118 0.000000 0.000001 nan nan 0.000002 0.000001 
119 0.000000 0.000002 nan nan 0.000002 0.000002 
120 0.000000 0.000002 nan nan 0.000003 0.000002 
121 0.000000 0.000002 nan nan 0.000004 0.000002 
122 0.000000 0.000001 nan nan 0.000004 0.000001 
123 0.000000 0.000002 nan nan 0.000006 0.000002 
124 0.000000 0.000005 nan nan 0.000007 0.000005 
125 0.000000 0.000007 nan nan 0.000008 0.000007 
126 0.000000 0.000008 nan nan 0.000010 0.000008 
127 0.000000 0.000013 nan nan 0.000013 0.000013 
128 0.000000 0.000010 nan nan 0.000011 0.000010 
129 0.000000 0.000017 nan nan 0.000012 0.000017 
130 0.000000 0.000036 nan nan 0.000039 0.000036 
131 0.000000 0.000034 nan nan 0.000053 0.000034 
132 0.000000 0.000032 nan nan 0.000027 0.000032 
133 0.000000 0.000034 nan nan 0.000026 0.000034 
134 0.000000 0.000034 nan nan 0.000023 0.000034 
135 0.000000 0.000031 nan nan 0.000019 0.000031 
136 0.000000 0.000026 nan nan 0.000015 0.000026 
137 0.000000 0.000021 nan nan 0.000011 0.000021 
138 0.000000 0.000007 nan nan 0.000008 0.000007 
139 0.000000 0.000003 nan nan 0.000007 0.000003 
140 0.000000 0.000003 nan nan 0.000007 0.000003 
141 0.000000 0.000003 nan nan 0.000008 0.000003 
142 0.000000 0.000003 nan nan 0.000007 0.000003 
143 0.000000 0.000003 nan nan 0.000007 0.000003 
144 0.000000 0.000002 nan nan 0.000007 0.000002 
145 0.000000 0.000002 nan nan 0.000006 0.000002 
146 0.000000 0.000002 nan nan 0.000006 0.000002 
147 0.000000 0.000002 nan nan 0.000006 0.000002 
148 0.000000 0.000006 nan nan 0.000006 0.000006 
149 0.000000 0.000012 nan nan 0.000009 0.000012 
150 0.000000 0.000016 nan nan 0.000012 0.000016 
151 0.000000 0.000023 nan nan 0.000014 0.000023 
152 0.000000 0.000026 nan nan 0.000015 0.000026 
153 0.000000 0.000032 nan nan 0.000014 0.000032 
154 0.000000 0.000047 nan nan 0.000041 0.000047 
155 0.000000 0.000048 nan nan 0.000048 0.000048 
156 0.000000 0.000038 nan nan 0.000022 0.000038 
157 0.000000 0.000038 nan nan 0.000019 0.000038 
158 0.000000 0.000037 nan nan 0.000018 0.000037 
159 0.000000 0.000034 nan nan 0.000016 0.000034 
160 0.000000 0.000029 nan nan 0.000013 0.000029 
161 0.000000 0.000024 nan nan 0.000010 0.000024 
162 0.000000 0.000010 nan nan 0.000008 0.000010 
163 0.000000 0.000004 nan nan 0.000008 0.000004 
164 0.000000 0.000004 nan nan 0.000008 0.000004 
165 0.000000 0.000004 nan nan 0.000007 0.000004 
166 0.000000 0.000004 nan nan 0.000007 0.000004 
167 0.000000 0.000003 nan nan 0.000007 0.000003 
168 0.000000 0.000003 nan nan 0.000007 0.000003 
169 0.000000 0.000003 nan nan 0.000007 0.000003 
170 0.000000 0.000003 nan nan 0.000006 0.000003 
171 0.000000 0.000002 nan nan 0.000006 0.000002 
172 0.000000 0.000008 nan nan 0.000006 0.000008 
173 0.000000 0.000015 nan nan 0.000008 0.000015 
174 0.000000 0.000020 nan nan 0.000011 0.000020 
175 0.000000 0.000025 nan nan 0.000013 0.000025 
176 0.000000 0.000035 nan nan 0.000014 0.000035 
177 0.000000 0.000036 nan nan 0.000002 0.000036 
178 0.000000 0.000057 nan nan 0.000044 0.000057 
179 0.000000 0.000056 nan nan 0.000053 0.000056 
180 0.000000 0.000040 nan nan 0.000020 0.000040 
181 0.000000 0.000041 nan nan 0.000019 0.000041 
182 0.000000 0.000040 nan nan 0.000017 0.000040 
183 0.000000 0.000039 nan nan 0.000015 0.000039 
184 0.000000 0.000034 nan nan 0.000012 0.000034 
185 0.000000 0.000026 nan nan 0.000010 0.000026 
186 0.000000 0.000010 nan nan 0.000009 0.000010 
187 0.000000 0.000005 nan nan 0.000008 0.000005 
188 0.000000 0.000005 nan nan 0.000008 0.000005 
189 0.000000 0.000005 nan nan 0.000008 0.000005 
190 0.000000 0.000004 nan nan 0.000008 0.000004 
191 0.000000 0.000004 nan nan 0.000007 0.000004 
192 0.000000 0.000003 nan nan 0.000007 0.000003 
193 0.000000 0.000003 nan nan 0.000006 0.000003 
194 0.000000 0.000002 nan nan 0.000006 0.000002 
195 0.000000 0.000003 nan nan 0.000006 0.000003 
196 0.000000 0.000006 nan nan 0.000006 0.000006 
197 0.000000 0.000014 nan nan 0.000008 0.000014 
198 0.000000 0.000019 nan nan 0.000010 0.000019 
199 0.000000 0.000022 nan nan 0.000011 0.000022 
200 0.000000 0.000028 nan nan 0.000011 0.000028 
201 0.000000 0.000034 nan nan 0.000012 0.000034 
202 0.000000 0.000051 nan nan 0.000040 0.000051 
203 0.000000 0.000054 nan nan 0.000050 0.000054 
204 0.000000 0.000040 nan nan 0.000021 0.000040 
205 0.000000 0.000042 nan nan 0.000020 0.000042 
206 0.000000 0.000042 nan nan 0.000019 0.000042 
207 0.000000 0.000040 nan nan 0.000017 0.000040 
208 0.000000 0.000035 nan nan 0.000015 0.000035 
209 0.000000 0.000029 nan nan 0.000012 0.000029 
210 0.000000 0.000009 nan nan 0.000006 0.000009 
211 0.000000 0.000005 nan nan 0.000010 0.000005 
212 0.000000 0.000005 nan nan 0.000008 0.000005 
213 0.000000 0.000005 nan nan 0.000010 0.000005 
214 0.000000 0.000004 nan nan 0.000009 0.000004 
215 0.000000 0.000004 nan nan 0.000008 0.000004 
216 0.000000 0.000003 nan nan 0.000007 0.000003 
217 0.000000 0.000003 nan nan 0.000007 0.000003 
218 0.000000 0.000002 nan nan 0.000007 0.000002 
219 0.000000 0.000002 nan nan 0.000006 0.000002 
220 0.000000 0.000008 nan nan 0.000006 0.000008 
221 0.000000 0.000012 nan nan 0.000008 0.000012 
222 0.000000 0.000015 nan nan 0.000010 0.000015 
223 0.000000 0.000023 nan nan 0.000015 0.000023 
224 0.000000 0.000030 nan nan 0.000018 0.000030 
225 0.000000 0.000038 nan nan 0.000022 0.000038 
226 0.000000 0.000058 nan nan 0.000057 0.000058 
227 0.000000 0.000058 nan nan 0.000067 0.000058 
228 0.000000 0.000044 nan nan 0.000029 0.000044 
229 0.000000 0.000043 nan nan 0.000025 0.000043 
230 0.000000 0.000041 nan nan 0.000023 0.000041 
231 0.000000 0.000038 nan nan 0.000020 0.000038 
232 0.000000 0.000034 nan nan 0.000017 0.000034 
233 0.000000 0.000027 nan nan 0.000013 0.000027 
234 0.000000 0.000010 nan nan 0.000011 0.000010 
235 0.000000 0.000005 nan nan 0.000010 0.000005 
236 0.000000 0.000005 nan nan 0.000010 0.000005 
237 0.000000 0.000004 nan nan 0.000010 0.000004 
238 0.000000 0.000004 nan nan 0.000009 0.000004 
239 0.000000 0.000004 nan nan 0.000009 0.000004 
240 0.000000 0.000003 nan nan 0.000008 0.000003 
241 0.000000 0.000003 nan nan 0.000008 0.000003 
242 0.000000 0.000003 nan nan 0.000008 0.000003 
243 0.000000 0.000003 nan nan 0.000008 0.000003 
244 0.000000 0.000009 nan nan 0.000008 0.000009 
245 0.000000 0.000015 nan nan 0.000011 0.000015 
246 0.000000 0.000020 nan nan 0.000014 0.000020 
247 0.000000 0.000025 nan nan 0.000016 0.000025 
248 0.000000 0.000032 nan nan 0.000018 0.000032 
249 0.000000 0.000038 nan nan 0.000018 0.000038 
250 0.000000 0.000060 nan nan 0.000054 0.000060 
251 0.000000 0.000059 nan nan 0.000062 0.000059 
252 0.000000 0.000043 nan nan 0.000025 0.000043 
253 0.000000 0.000044 nan nan 0.000023 0.000044 
254 0.000000 0.000043 nan nan 0.000021 0.000043 
255 0.000000 0.000040 nan nan 0.000019 0.000040 
256 0.000000 0.000036 nan nan 0.000016 0.000036 
257 0.000000 0.000027 nan nan 0.000012 0.000027 
258 0.000000 0.000011 nan nan 0.000009 0.000011 
259 0.000000 0.000005 nan nan 0.000001 0.000005 
260 0.000000 0.000005 nan nan 0.000001 0.000005 
261 0.000000 0.000004 nan nan 0.000001 0.000004 
262 0.000000 0.000004 nan nan 0.000001 0.000004 
263 0.000000 0.000004 nan nan 0.000006 0.000004 
264 0.000000 0.000003 nan nan 0.000007 0.000003 
265 0.000000 0.000004 nan nan 0.000008 0.000004 
266 0.000000 0.000003 nan nan 0.000008 0.000003 
267 0.000000 0.000003 nan nan 0.000007 0.000003 
268 0.000000 0.000010 nan nan 0.000007 0.000010 
269 0.000000 0.000014 nan nan 0.000009 0.000014 
270 0.000000 0.000021 nan nan 0.000011 0.000021 
271 0.000000 0.000028 nan nan 0.000013 0.000028 
272 0.000000 0.000034 nan nan 0.000003 0.000034 
273 0.000000 0.000039 nan nan 0.000002 0.000039 
274 0.000000 0.000064 nan nan 0.000051 0.000064 
275 0.000000 0.000063 nan nan 0.000060 0.000063 
276 0.000000 0.000050 nan nan 0.000027 0.000050 
277 0.000000 0.000051 nan nan 0.000024 0.000051 
278 0.000000 0.000051 nan nan 0.000021 0.000051 
279 0.000000 0.000049 nan nan 0.000018 0.000049 
280 0.000000 0.000043 nan nan 0.000016 0.000043 
281 0.000000 0.000034 nan nan 0.000013 0.000034 
282 0.000000 0.000013 nan nan 0.000012 0.000013 
283 0.000000 0.000007 nan nan 0.000001 0.000007 
284 0.000000 0.000007 nan nan 0.000001 0.000007 
285 0.000000 0.000006 nan nan 0.000001 0.000006 
286 0.000000 0.000006 nan nan 0.000001 0.000006 
287 0.000000 0.000006 nan nan 0.000001 0.000006 
288 0.000000 0.000005 nan nan 0.000010 0.000005 
289 0.000000 0.000005 nan nan 0.000010 0.000005 
290 0.000000 0.000004 nan nan 0.000010 0.000004 
291 0.000000 0.000004 nan nan 0.000009 0.000004 
292 0.000000 0.000011 nan nan 0.000009 0.000011 
293 0.000000 0.000021 nan nan 0.000011 0.000021 
294 0.000000 0.000024 nan nan 0.000014 0.000024 
295 0.000000 0.000029 nan nan 0.000016 0.000029 
296 0.000000 0.000034 nan nan 0.000016 0.000034 
297 0.000000 0.000049 nan nan 0.000019 0.000049 
298 0.000000 0.000062 nan nan 0.000054 0.000062 
299 0.000000 0.000065 nan nan 0.000065 0.000065 
300 0.000000 0.000048 nan nan 0.000026 0.000048 
301 0.000000 0.000048 nan nan 0.000023 0.000048 
302 0.000000 0.000047 nan nan 0.000021 0.000047 
303 0.000000 0.000045 nan nan 0.000020 0.000045 
304 0.000000 0.000044 nan nan 0.000017 0.000044 
305 0.000000 0.000030 nan nan 0.000013 0.000030 
306 0.000000 0.000010 nan nan 0.000010 0.000010 
307 0.000000 0.000006 nan nan 0.000011 0.000006 
308 0.000000 0.000006 nan nan 0.000010 0.000006 
309 0.000000 0.000005 nan nan 0.000010 0.000005 
310 0.000000 0.000005 nan nan 0.000010 0.000005 
311 0.000000 0.000004 nan nan 0.000009 0.000004 
312 0.000000 0.000004 nan nan 0.000009 0.000004 
313 0.000000 0.000004 nan nan 0.000009 0.000004 
314 0.000000 0.000003 nan nan 0.000008 0.000003 
315 0.000000 0.000003 nan nan 0.000008 0.000003 
316 0.000000 0.000010 nan nan 0.000008 0.000010 
317 0.000000 0.000016 nan nan 0.000011 0.000016 
318 0.000000 0.000022 nan nan 0.000014 0.000022 
319 0.000000 0.000028 nan nan 0.000017 0.000028 
320 0.000000 0.000034 nan nan 0.000018 0.000034 
321 0.000000 0.000041 nan nan 0.000020 0.000041 
322 0.000000 0.000059 nan nan 0.000053 0.000059 
323 0.000000 0.000061 nan nan 0.000063 0.000061 
324 0.000000 0.000047 nan nan 0.000027 0.000047 
325 0.000000 0.000045 nan nan 0.000025 0.000045 
326 0.000000 0.000048 nan nan 0.000024 0.000048 
327 0.000000 0.000049 nan nan 0.000023 0.000049 
328 0.000000 0.000043 nan nan 0.000019 0.000043 
329 0.000000 0.000027 nan nan 0.000013 0.000027 
330 0.000000 0.000011 nan nan 0.000012 0.000011 
331 0.000000 0.000006 nan nan 0.000011 0.000006 
332 0.000000 0.000006 nan nan 0.000011 0.000006 
333 0.000000 0.000005 nan nan 0.000011 0.000005 
334 0.000000 0.000005 nan nan 0.000010 0.000005 
335 0.000000 0.000005 nan nan 0.000010 0.000005 
336 0.000000 0.000004 nan nan 0.000009 0.000004 
337 0.000000 0.000003 nan nan 0.000009 0.000003 
338 0.000000 0.000003 nan nan 0.000008 0.000003 
339 0.000000 0.000003 nan nan 0.000008 0.000003 
340 0.000000 0.000013 nan nan 0.000008 0.000013 
341 0.000000 0.000017 nan nan 0.000011 0.000017 
342 0.000000 0.000023 nan nan 0.000015 0.000023 
343 0.000000 0.000029 nan nan 0.000018 0.000029 
344 0.000000 0.000035 nan nan 0.000019 0.000035 
345 0.000000 0.000040 nan nan 0.000020 0.000040 
346 0.000000 0.000061 nan nan 0.000055 0.000061 
347 0.000000 0.000063 nan nan 0.000065 0.000063 
348 0.000000 0.000046 nan nan 0.000027 0.000046 
349 0.000000 0.000047 nan nan 0.000024 0.000047 
350 0.000000 0.000046 nan nan 0.000022 0.000046 
351 0.000000 0.000044 nan nan 0.000021 0.000044 
352 0.000000 0.000041 nan nan 0.000018 0.000041 
353 0.000000 0.000031 nan nan 0.000015 0.000031 
354 0.000000 0.000012 nan nan 0.000014 0.000012 
355 0.000000 0.000007 nan nan 0.000013 0.000007 
356 0.000000 0.000007 nan nan 0.000013 0.000007 
357 0.000000 0.000006 nan nan 0.000012 0.000006 
358 0.000000 0.000005 nan nan 0.000011 0.000005 
359 0.000000 0.000005 nan nan 0.000010 0.000005 
360 0.000000 0.000004 nan nan 0.000010 0.000004 
361 0.000000 0.000004 nan nan 0.000009 0.000004 
362 0.000000 0.000004 nan nan 0.000009 0.000004 
363 0.000000 0.000003 nan nan 0.000009 0.000003 
364 0.000000 0.000008 nan nan 0.000008 0.000008 
365 0.000000 0.000019 nan nan 0.000012 0.000019 
366 0.000000 0.000026 nan nan 0.000016 0.000026 
367 0.000000 0.000035 nan nan 0.000019 0.000035 
368 0.000000 0.000032 nan nan 0.000019 0.000032 
369 0.000000 0.000038 nan nan 0.000017 0.000038 
370 0.000000 0.000064 nan nan 0.000058 0.000064 
371 0.000000 0.000064 nan nan 0.000067 0.000064 
372 0.000000 0.000046 nan nan 0.000027 0.000046 
373 0.000000 0.000047 nan nan 0.000025 0.000047 
374 0.000000 0.000046 nan nan 0.000023 0.000046 
375 0.000000 0.000043 nan nan 0.000020 0.000043 
376 0.000000 0.000039 nan nan 0.000018 0.000039 
377 0.000000 0.000034 nan nan 0.000014 0.000034 
378 0.000000 0.000009 nan nan 0.000011 0.000009 
379 0.000000 0.000006 nan nan 0.000011 0.000006 
380 0.000000 0.000006 nan nan 0.000011 0.000006 
381 0.000000 0.000005 nan nan 0.000011 0.000005 
382 0.000000 0.000005 nan nan 0.000010 0.000005 
383 0.000000 0.000004 nan nan 0.000010 0.000004 
384 0.000000 0.000004 nan nan 0.000010 0.000004 
385 0.000000 0.000004 nan nan 0.000009 0.000004 
386 0.000000 0.000003 nan nan 0.000009 0.000003 
387 0.000000 0.000003 nan nan 0.000009 0.000003 
388 0.000000 0.000010 nan nan 0.000009 0.000010 
389 0.000000 0.000017 nan nan 0.000011 0.000017 
390 0.000000 0.000023 nan nan 0.000015 0.000023 
391 0.000000 0.000028 nan nan 0.000018 0.000028 
392 0.000000 0.000033 nan nan 0.000019 0.000033 
393 0.000000 0.000042 nan nan 0.000024 0.000042 
394 0.000000 0.000051 nan nan 0.000052 0.000051 
395 0.000000 0.000056 nan nan 0.000059 0.000056 
396 0.000000 0.000046 nan nan 0.000029 0.000046 
397 0.000000 0.000045 nan nan 0.000028 0.000045 
398 0.000000 0.000044 nan nan 0.000025 0.000044 
399 0.000000 0.000042 nan nan 0.000022 0.000042 
400 0.000000 0.000039 nan nan 0.000019 0.000039 
401 0.000000 0.000024 nan nan 0.000013 0.000024 
402 0.000000 0.000009 nan nan 0.000011 0.000009 
403 0.000000 0.000005 nan nan 0.000010 0.000005 
404 0.000000 0.000005 nan nan 0.000010 0.000005 
405 0.000000 0.000004 nan nan 0.000010 0.000004 
406 0.000000 0.000004 nan nan 0.000009 0.000004 
407 0.000000 0.000003 nan nan 0.000009 0.000003 
408 0.000000 0.000003 nan nan 0.000008 0.000003 
409 0.000000 0.000003 nan nan 0.000008 0.000003 
410 0.000000 0.000003 nan nan 0.000008 0.000003 
411 0.000000 0.000002 nan nan 0.000007 0.000002 
412 0.000000 0.000008 nan nan 0.000007 0.000008 
413 0.000000 0.000012 nan nan 0.000010 0.000012 
414 0.000000 0.000018 nan nan 0.000013 0.000018 
415 0.000000 0.000024 nan nan 0.000016 0.000024 
416 0.000000 0.000030 nan nan 0.000019 0.000030 
417 0.000000 0.000026 nan nan 0.000018 0.000026 
418 0.000000 0.000035 nan nan 0.000035 0.000035 
419 0.000000 0.000036 nan nan 0.000035 0.000036 
420 0.000000 0.000031 nan nan 0.000019 0.000031 
421 0.000000 0.000032 nan nan 0.000019 0.000032 
422 0.000000 0.000031 nan nan 0.000017 0.000031 
423 0.000000 0.000028 nan nan 0.000015 0.000028 
424 0.000000 0.000026 nan nan 0.000011 0.000026 
425 0.000000 0.000016 nan nan 0.000009 0.000016 
426 0.000000 0.000007 nan nan 0.000008 0.000007 
427 0.000000 0.000003 nan nan 0.000007 0.000003 
428 0.000000 0.000003 nan nan 0.000007 0.000003 
429 0.000000 0.000003 nan nan 0.000007 0.000003 
430 0.000000 0.000003 nan nan 0.000007 0.000003 
431 0.000000 0.000003 nan nan 0.000007 0.000003 
432 0.000000 0.000003 nan nan 0.000006 0.000003 
433 0.000000 0.000002 nan nan 0.000006 0.000002 
434 0.000000 0.000002 nan nan 0.000006 0.000002 
435 0.000000 0.000002 nan nan 0.000006 0.000002 
436 0.000000 0.000009 nan nan 0.000006 0.000009 
437 0.000000 0.000012 nan nan 0.000008 0.000012 
438 0.000000 0.000017 nan nan 0.000012 0.000017 
439 0.000000 0.000025 nan nan 0.000015 0.000025 
440 0.000000 0.000026 nan nan 0.000016 0.000026 
441 0.000000 0.000031 nan nan 0.000017 0.000031 
442 0.000000 0.000042 nan nan 0.000039 0.000042 
443 0.000000 0.000048 nan nan 0.000046 0.000048 
444 0.000000 0.000037 nan nan 0.000020 0.000037 
445 0.000000 0.000037 nan nan 0.000018 0.000037 
446 0.000000 0.000035 nan nan 0.000016 0.000035 
447 0.000000 0.000033 nan nan 0.000015 0.000033 
448 0.000000 0.000028 nan nan 0.000012 0.000028 
449 0.000000 0.000022 nan nan 0.000009 0.000022 
450 0.000000 0.000007 nan nan 0.000006 0.000007 
451 0.000000 0.000004 nan nan 0.000008 0.000004 
452 0.000000 0.000004 nan nan 0.000007 0.000004 
453 0.000000 0.000003 nan nan 0.000007 0.000003 
454 0.000000 0.000003 nan nan 0.000007 0.000003 
455 0.000000 0.000003 nan nan 0.000007 0.000003 
456 0.000000 0.000003 nan nan 0.000007 0.000003 
457 0.000000 0.000002 nan nan 0.000006 0.000002 
458 0.000000 0.000002 nan nan 0.000006 0.000002 
459 0.000000 0.000002 nan nan 0.000006 0.000002 
460 0.000000 0.000007 nan nan 0.000006 0.000007 
461 0.000000 0.000012 nan nan 0.000008 0.000012 
462 0.000000 0.000017 nan nan 0.000011 0.000017 
463 0.000000 0.000023 nan nan 0.000012 0.000023 
464 0.000000 0.000028 nan nan 0.000012 0.000028 
465 0.000000 0.000033 nan nan 0.000002 0.000033 
466 0.000000 0.000062 nan nan 0.000049 0.000062 
467 0.000000 0.000052 nan nan 0.000054 0.000052 
468 0.000000 0.000040 nan nan 0.000020 0.000040 
469 0.000000 0.000042 nan nan 0.000016 0.000042 
470 0.000000 0.000041 nan nan 0.000014 0.000041 
471 0.000000 0.000039 nan nan 0.000014 0.000039 
472 0.000000 0.000035 nan nan 0.000013 0.000035 
473 0.000000 0.000030 nan nan 0.000011 0.000030 
474 0.000000 0.000008 nan nan 0.000001 0.000008 
475 0.000000 0.000005 nan nan 0.000001 0.000005 
476 0.000000 0.000005 nan nan 0.000008 0.000005 
477 0.000000 0.000004 nan nan 0.000008 0.000004 
478 0.000000 0.000004 nan nan 0.000008 0.000004 
479 0.000000 0.000004 nan nan 0.000008 0.000004 
480 0.000000 0.000003 nan nan 0.000008 0.000003 
481 0.000000 0.000003 nan nan 0.000007 0.000003 
482 0.000000 0.000003 nan nan 0.000007 0.000003 
483 0.000000 0.000003 nan nan 0.000007 0.000003 
484 0.000000 0.000010 nan nan 0.000007 0.000010 
485 0.000000 0.000014 nan nan 0.000009 0.000014 
486 0.000000 0.000019 nan nan 0.000012 0.000019 
487 0.000000 0.000024 nan nan 0.000013 0.000024 
488 0.000000 0.000030 nan nan 0.000015 0.000030 
489 0.000000 0.000039 nan nan 0.000017 0.000039 
490 0.000000 0.000049 nan nan 0.000045 0.000049 
491 0.000000 0.000055 nan nan 0.000054 0.000055 
492 0.000000 0.000042 nan nan 0.000023 0.000042 
493 0.000000 0.000043 nan nan 0.000021 0.000043 
494 0.000000 0.000041 nan nan 0.000019 0.000041 
495 0.000000 0.000037 nan nan 0.000017 0.000037 
496 0.000000 0.000032 nan nan 0.000014 0.000032 
497 0.000000 0.000025 nan nan 0.000011 0.000025 
498 0.000000 0.000008 nan nan 0.000009 0.000008 
499 0.000000 0.000005 nan nan 0.000009 0.000005 
500 0.000000 0.000004 nan nan 0.000008 0.000004 
501 0.000000 0.000004 nan nan 0.000008 0.000004 
502 0.000000 0.000004 nan nan 0.000008 0.000004 
503 0.000000 0.000003 nan nan 0.000008 0.000003 
504 0.000000 0.000003 nan nan 0.000008 0.000003 
505 0.000000 0.000003 nan nan 0.000007 0.000003 
506 0.000000 0.000003 nan nan 0.000007 0.000003 
507 0.000000 0.000003 nan nan 0.000007 0.000003 
508 0.000000 0.000009 nan nan 0.000007 0.000009 
509 0.000000 0.000014 nan nan 0.000009 0.000014 
510 0.000000 0.000018 nan nan 0.000013 0.000018 
511 0.000000 0.000022 nan nan 0.000015 0.000022 
512 0.000000 0.000025 nan nan 0.000016 0.000025 
513 0.000000 0.000030 nan nan 0.000019 0.000030 
514 0.000000 0.000041 nan nan 0.000039 0.000041 
515 0.000000 0.000038 nan nan 0.000036 0.000038 
516 0.000000 0.000031 nan nan 0.000019 0.000031 
517 0.000000 0.000032 nan nan 0.000021 0.000032 
518 0.000000 0.000029 nan nan 0.000017 0.000029 
519 0.000000 0.000026 nan nan 0.000014 0.000026 
520 0.000000 0.000022 nan nan 0.000011 0.000022 
521 0.000000 0.000017 nan nan 0.000008 0.000017 
522 0.000000 0.000006 nan nan 0.000008 0.000006 
523 0.000000 0.000003 nan nan 0.000007 0.000003 
524 0.000000 0.000003 nan nan 0.000007 0.000003 
525 0.000000 0.000003 nan nan 0.000007 0.000003 
526 0.000000 0.000003 nan nan 0.000007 0.000003 
527 0.000000 0.000003 nan nan 0.000007 0.000003 
528 0.000000 0.000003 nan nan 0.000007 0.000003 
529 0.000000 0.000003 nan nan 0.000007 0.000003 
530 0.000000 0.000003 nan nan 0.000007 0.000003 
531 0.000000 0.000003 nan nan 0.000007 0.000003 
532 0.000000 0.000007 nan nan 0.000007 0.000007 
533 0.000000 0.000012 nan nan 0.000008 0.000012 
534 0.000000 0.000016 nan nan 0.000012 0.000016 
535 0.000000 0.000019 nan nan 0.000014 0.000019 
536 0.000000 0.000022 nan nan 0.000016 0.000022 
537 0.000000 0.000014 nan nan 0.000012 0.000014 
538 0.000000 0.000014 nan nan 0.000028 0.000014 
539 0.000000 0.000017 nan nan 0.000028 0.000017 
540 0.000000 0.000026 nan nan 0.000020 0.000026 
541 0.000000 0.000024 nan nan 0.000021 0.000024 
542 0.000000 0.000026 nan nan 0.000019 0.000026 
543 0.000000 0.000022 nan nan 0.000014 0.000022 
544 0.000000 0.000020 nan nan 0.000012 0.000020 
545 0.000000 0.000015 nan nan 0.000008 0.000015 
546 0.000000 0.000005 nan nan 0.000007 0.000005 
547 0.000000 0.000003 nan nan 0.000006 0.000003 
548 0.000000 0.000003 nan nan 0.000006 0.000003 
549 0.000000 0.000002 nan nan 0.000006 0.000002 
550 0.000000 0.000002 nan nan 0.000006 0.000002 
551 0.000000 0.000002 nan nan 0.000006 0.000002 
552 0.000000 0.000002 nan nan 0.000005 0.000002 
553 0.000000 0.000002 nan nan 0.000005 0.000002 
554 0.000000 0.000002 nan nan 0.000005 0.000002 
555 0.000000 0.000002 nan nan 0.000005 0.000002 
556 0.000000 0.000006 nan nan 0.000005 0.000006 
557 0.000000 0.000009 nan nan 0.000007 0.000009 
558 0.000000 0.000015 nan nan 0.000010 0.000015 
559 0.000000 0.000020 nan nan 0.000012 0.000020 
560 0.000000 0.000025 nan nan 0.000012 0.000025 
561 0.000000 0.000030 nan nan 0.000002 0.000030 
562 0.000000 0.000052 nan nan 0.000041 0.000052 
563 0.000000 0.000053 nan nan 0.000051 0.000053 
564 0.000000 0.000037 nan nan 0.000019 0.000037 
565 0.000000 0.000036 nan nan 0.000017 0.000036 
566 0.000000 0.000036 nan nan 0.000014 0.000036 
567 0.000000 0.000034 nan nan 0.000013 0.000034 
568 0.000000 0.000029 nan nan 0.000010 0.000029 
569 0.000000 0.000021 nan nan 0.000008 0.000021 
570 0.000000 0.000007 nan nan 0.000007 0.000007 
571 0.000000 0.000004 nan nan 0.000001 0.000004 
572 0.000000 0.000003 nan nan 0.000001 0.000003 
573 0.000000 0.000003 nan nan 0.000001 0.000003 
574 0.000000 0.000003 nan nan 0.000001 0.000003 
575 0.000000 0.000003 nan nan 0.000005 0.000003 
576 0.000000 0.000003 nan nan 0.000005 0.000003 
577 0.000000 0.000002 nan nan 0.000005 0.000002 
578 0.000000 0.000002 nan nan 0.000005 0.000002 
579 0.000000 0.000002 nan nan 0.000005 0.000002 
580 0.000000 0.000006 nan nan 0.000005 0.000006 
581 0.000000 0.000013 nan nan 0.000007 0.000013 
582 0.000000 0.000018 nan nan 0.000011 0.000018 
583 0.000000 0.000024 nan nan 0.000013 0.000024 
584 0.000000 0.000029 nan nan 0.000014 0.000029 
585 0.000000 0.000035 nan nan 0.000015 0.000035 
586 0.000000 0.000048 nan nan 0.000039 0.000048 
587 0.000000 0.000052 nan nan 0.000044 0.000052 
588 0.000000 0.000050 nan nan 0.000025 0.000050 
589 0.000000 0.000037 nan nan 0.000019 0.000037 
590 0.000000 0.000040 nan nan 0.000017 0.000040 
591 0.000000 0.000044 nan nan 0.000017 0.000044 
592 0.000000 0.000030 nan nan 0.000014 0.000030 
593 0.000000 0.000025 nan nan 0.000010 0.000025 
594 0.000000 0.000008 nan nan 0.000009 0.000008 
595 0.000000 0.000005 nan nan 0.000008 0.000005 
596 0.000000 0.000005 nan nan 0.000009 0.000005 
597 0.000000 0.000004 nan nan 0.000009 0.000004 
598 0.000000 0.000004 nan nan 0.000008 0.000004 
599 0.000000 0.000004 nan nan 0.000008 0.000004 
600 0.000000 0.000004 nan nan 0.000008 0.000004 
601 0.000000 0.000004 nan nan 0.000008 0.000004 
602 0.000000 0.000003 nan nan 0.000007 0.000003 
603 0.000000 0.000003 nan nan 0.000007 0.000003 
604 0.000000 0.000008 nan nan 0.000007 0.000008 
605 0.000000 0.000016 nan nan 0.000008 0.000016 
606 0.000000 0.000021 nan nan 0.000012 0.000021 
607 0.000000 0.000025 nan nan 0.000015 0.000025 
608 0.000000 0.000030 nan nan 0.000018 0.000030 
609 0.000000 0.000034 nan nan 0.000019 0.000034 
610 0.000000 0.000041 nan nan 0.000038 0.000041 
611 0.000000 0.000048 nan nan 0.000042 0.000048 
612 0.000000 0.000043 nan nan 0.000024 0.000043 
613 0.000000 0.000044 nan nan 0.000022 0.000044 
614 0.000000 0.000038 nan nan 0.000018 0.000038 
615 0.000000 0.000031 nan nan 0.000014 0.000031 
616 0.000000 0.000026 nan nan 0.000011 0.000026 
617 0.000000 0.000019 nan nan 0.000009 0.000019 
618 0.000000 0.000006 nan nan 0.000008 0.000006 
619 0.000000 0.000004 nan nan 0.000007 0.000004 
620 0.000000 0.000004 nan nan 0.000006 0.000004 
621 0.000000 0.000004 nan nan 0.000006 0.000004 
622 0.000000 0.000003 nan nan 0.000006 0.000003 
623 0.000000 0.000003 nan nan 0.000006 0.000003 
624 0.000000 0.000002 nan nan 0.000005 0.000002 
625 0.000000 0.000001 nan nan 0.000004 0.000001 
626 0.000000 0.000001 nan nan 0.000004 0.000001 
627 0.000000 0.000001 nan nan 0.000003 0.000001 
628 0.000000 0.000001 nan nan 0.000002 0.000001 
629 0.000000 0.000000 nan nan 0.000001 0.000000 
630 0.000000 0.000000 nan nan 0.000000 0.000000 
631 0.000000 0.000001 nan nan 0.000000 0.000001 
632 0.000000 0.000000 nan nan 0.000000 0.000000 
633 0.000000 0.000001 nan nan 0.000000 0.000001 
634 0.000000 0.000014 nan nan 0.000003 0.000014 
635 0.000000 0.000016 nan nan 0.000008 0.000016 
636 0.000000 0.000022 nan nan 0.000004 0.000022 
637 0.000000 0.000027 nan nan 0.000002 0.000027 
638 0.000000 0.000027 nan nan 0.000002 0.000027 
639 0.000000 0.000025 nan nan 0.000002 0.000025 
640 0.000000 0.000027 nan nan 0.000004 0.000027 
641 0.000000 0.000015 nan nan 0.000003 0.000015 
642 0.000000 0.000004 nan nan 0.000001 0.000004 
643 0.000000 0.000003 nan nan 0.000001 0.000003 
644 0.000000 0.000003 nan nan 0.000001 0.000003 
645 0.000000 0.000002 nan nan 0.000004 0.000002 
646 0.000000 0.000002 nan nan 0.000004 0.000002 
647 0.000000 0.000002 nan nan 0.000005 0.000002 
648 0.000000 0.000002 nan nan 0.000006 0.000002 
649 0.000000 0.000002 nan nan 0.000006 0.000002 
650 0.000000 0.000002 nan nan 0.000006 0.000002 
651 0.000000 0.000002 nan nan 0.000006 0.000002 
652 0.000000 0.000006 nan nan 0.000006 0.000006 
653 0.000000 0.000012 nan nan 0.000008 0.000012 
654 0.000000 0.000017 nan nan 0.000012 0.000017 
655 0.000000 0.000022 nan nan 0.000014 0.000022 
656 0.000000 0.000027 nan nan 0.000015 0.000027 
657 0.000000 0.000033 nan nan 0.000015 0.000033 
658 0.000000 0.000050 nan nan 0.000045 0.000050 
659 0.000000 0.000056 nan nan 0.000054 0.000056 
660 0.000000 0.000037 nan nan 0.000025 0.000037 
661 0.000000 0.000040 nan nan 0.000023 0.000040 
662 0.000000 0.000039 nan nan 0.000021 0.000039 
663 0.000000 0.000034 nan nan 0.000018 0.000034 
664 0.000000 0.000028 nan nan 0.000014 0.000028 
665 0.000000 0.000020 nan nan 0.000009 0.000020 
666 0.000000 0.000008 nan nan 0.000008 0.000008 
667 0.000000 0.000004 nan nan 0.000007 0.000004 
668 0.000000 0.000004 nan nan 0.000007 0.000004 
669 0.000000 0.000003 nan nan 0.000007 0.000003 
670 0.000000 0.000003 nan nan 0.000006 0.000003 
671 0.000000 0.000003 nan nan 0.000006 0.000003 
672 0.000000 0.000003 nan nan 0.000007 0.000003 
673 0.000000 0.000004 nan nan 0.000008 0.000004 
674 0.000000 0.000002 nan nan 0.000006 0.000002 
675 0.000000 0.000001 nan nan 0.000003 0.000001 
676 0.000000 0.000000 nan nan 0.000000 0.000000 
677 0.000000 0.000000 nan nan 0.000000 0.000000 
678 0.000000 0.000000 nan nan 0.000000 0.000000 
679 0.000000 0.000000 nan nan 0.000000 0.000000 
680 0.000000 0.000000 nan nan 0.000000 0.000000 
681 0.000000 0.000000 nan nan 0.000000 0.000000 
682 0.000000 0.000000 nan nan 0.000000 0.000000 
683 0.000000 0.000000 nan nan 0.000000 0.000000 
684 0.000000 0.000000 nan nan 0.000000 0.000000 
685 0.000000 0.000000 nan nan 0.000000 0.000000 
686 0.000000 0.000000 nan nan 0.000000 0.000000 
687 0.000000 0.000000 nan nan 0.000000 0.000000 
688 0.000000 0.000000 nan nan 0.000000 0.000000 
689 0.000000 0.000000 nan nan 0.000000 0.000000 
690 0.000000 0.000000 nan nan 0.000000 0.000000 
691 0.000000 0.000000 nan nan 0.000000 0.000000 
692 0.000000 0.000000 nan nan 0.000000 0.000000 
693 0.000000 0.000000 nan nan 0.000000 0.000000 
694 0.000000 0.000000 nan nan 0.000000 0.000000 
695 0.000000 0.000000 nan nan 0.000000 0.000000 
696 0.000000 0.000000 nan nan 0.000000 0.000000 
697 0.000000 0.000000 nan nan 0.000000 0.000000 
698 0.000000 0.000000 nan nan 0.000000 0.000000 
699 0.000000 0.000001 nan nan 0.000000 0.000001 
700 0.000000 0.000003 nan nan 0.000001 0.000003 
701 0.000000 0.000005 nan nan 0.000000 0.000005 
702 0.000000 0.000006 nan nan 0.000001 0.000006 
703 0.000000 0.000007 nan nan 0.000001 0.000007 
704 0.000000 0.000008 nan nan 0.000001 0.000008 
705 0.000000 0.000013 nan nan 0.000001 0.000013 
706 0.000000 0.000022 nan nan 0.000001 0.000022 
707 0.000000 0.000026 nan nan 0.000000 0.000026 
708 0.000000 0.000030 nan nan 0.000001 0.000030 
709 0.000000 0.000027 nan nan 0.000001 0.000027 
710 0.000000 0.000028 nan nan 0.000002 0.000028 
711 0.000000 0.000026 nan nan 0.000002 0.000026 
712 0.000000 0.000022 nan nan 0.000007 0.000022 
713 0.000000 0.000018 nan nan 0.000007 0.000018 
714 0.000000 0.000004 nan nan 0.000001 0.000004 
715 0.000000 0.000003 nan nan 0.000001 0.000003 
716 0.000000 0.000002 nan nan 0.000001 0.000002 
717 0.000000 0.000002 nan nan 0.000001 0.000002 
718 0.000000 0.000002 nan nan 0.000001 0.000002 
719 0.000000 0.000002 nan nan 0.000001 0.000002 
720 0.000000 0.000002 nan nan 0.000004 0.000002 
721 0.000000 0.000002 nan nan 0.000004 0.000002 
722 0.000000 0.000002 nan nan 0.000004 0.000002 
723 0.000000 0.000002 nan nan 0.000004 0.000002 
724 0.000000 0.000005 nan nan 0.000004 0.000005 
725 0.000000 0.000008 nan nan 0.000006 0.000008 
726 0.000000 0.000012 nan nan 0.000008 0.000012 
727 0.000000 0.000016 nan nan 0.000010 0.000016 
728 0.000000 0.000018 nan nan 0.000011 0.000018 
729 0.000000 0.000016 nan nan 0.000009 0.000016 
730 0.000000 0.000012 nan nan 0.000009 0.000012 
731 0.000000 0.000004 nan nan 0.000004 0.000004 
732 0.000000 0.000000 nan nan 0.000000 0.000000 
733 0.000000 0.000000 nan nan 0.000000 0.000000 
734 0.000000 0.000000 nan nan 0.000000 0.000000 
735 0.000000 0.000000 nan nan 0.000000 0.000000 
736 0.000000 0.000000 nan nan 0.000000 0.000000 
737 0.000000 0.000000 nan nan 0.000000 0.000000 
738 0.000000 0.000000 nan nan 0.000000 0.000000 
739 0.000000 0.000000 nan nan 0.000000 0.000000 
740 0.000000 0.000000 nan nan 0.000000 0.000000 
741 0.000000 0.000000 nan nan 0.000000 0.000000 
742 0.000000 0.000000 nan nan 0.000000 0.000000 
743 0.000000 0.000000 nan nan 0.000000 0.000000 
