#### 	 Vertical City Weather Generator (VCWG)  	 #### 
# Temperature at the surfaces 
# 0:time [hr] 1:TRoofImp [K] 2:TRoofVeg [K] 3:TGroundImp [K] 4:TGroundBare [K] 5:TGroundVeg [K] 6:TWallSun [K] 7:TWallShade [K] 8:TTree [K] 9:TRural [K]
0 287.301534 nan 298.770398 nan 299.122613 298.007541 298.007541 295.415479 nan 
1 286.112239 nan 297.969692 nan 298.514985 297.307661 297.307661 294.751354 nan 
2 285.484892 nan 297.274949 nan 298.044006 296.728351 296.728351 294.222475 nan 
3 285.886487 nan 296.756383 nan 297.662985 296.296002 296.296002 293.987698 nan 
4 291.047922 nan 295.724794 nan 297.064039 296.207754 295.932034 291.999045 nan 
5 295.352637 nan 295.501556 nan 296.670749 296.528065 295.804542 292.584584 nan 
6 301.135263 nan 296.073935 nan 296.675678 298.169558 296.263460 293.850464 nan 
7 305.598161 nan 296.815611 nan 296.807749 300.304177 296.988692 295.188085 nan 
8 309.322239 nan 297.618042 nan 296.977156 302.409427 297.819134 296.443646 nan 
9 309.777492 nan 298.019696 nan 296.986024 304.003075 298.362057 297.722447 nan 
10 314.707902 nan 308.044067 nan 299.927979 302.991779 299.152382 303.988711 nan 
11 315.823733 nan 310.139919 nan 301.053948 303.433942 299.820559 302.443484 nan 
12 315.624280 nan 304.855774 nan 299.483957 306.758647 300.515862 299.698089 nan 
13 314.446662 nan 303.487609 nan 299.108086 307.506432 300.837770 299.579162 nan 
14 310.691890 nan 302.299469 nan 298.759702 306.983037 300.569596 298.277524 nan 
15 309.709506 nan 301.806567 nan 298.660455 306.370989 300.532126 298.651172 nan 
16 305.529668 nan 301.081564 nan 298.514323 305.064748 300.187739 297.824109 nan 
17 300.539027 nan 300.061595 nan 298.269929 303.284026 299.505235 296.763987 nan 
18 291.765859 nan 298.986891 nan 297.878558 301.013529 298.586517 296.342850 nan 
19 285.222884 nan 299.058279 nan 297.854130 300.340273 298.409016 297.057752 nan 
20 281.789752 nan 298.753051 nan 297.716233 299.765485 298.099717 296.658049 nan 
21 280.274134 nan 298.451514 nan 297.573601 299.300626 297.811875 296.317858 nan 
22 279.740166 nan 298.137991 nan 297.418814 298.869199 297.512288 295.965712 nan 
23 279.551166 nan 297.814563 nan 297.258598 298.454526 297.203280 295.608823 nan 
24 279.736203 nan 297.247292 nan 297.009336 297.871831 296.709994 294.890720 nan 
25 278.240511 nan 296.696541 nan 296.737909 297.275828 296.190309 294.361966 nan 
26 276.553308 nan 295.992028 nan 296.391202 296.666461 295.654315 293.569149 nan 
27 276.738214 nan 295.838085 nan 296.223018 296.251921 295.303514 293.509990 nan 
28 285.932650 nan 295.554646 nan 296.044438 296.557690 295.283028 292.767656 nan 
29 295.191932 nan 295.318465 nan 295.833936 297.377571 295.317883 293.198719 nan 
30 303.413565 nan 295.750347 nan 295.825154 298.989232 295.815011 293.889622 nan 
31 308.563396 nan 296.757541 nan 296.068017 301.063204 296.697278 295.483619 nan 
32 313.077531 nan 297.886035 nan 296.414761 303.287185 297.772232 297.216338 nan 
33 316.677389 nan 298.986963 nan 297.116452 305.330114 298.938655 299.651848 nan 
34 319.294867 nan 308.900246 nan 299.879983 304.298258 299.817054 304.482135 nan 
35 320.377614 nan 309.758804 nan 300.881792 304.821553 300.778492 303.797178 nan 
36 319.932673 nan 304.827093 nan 299.515616 307.909252 301.627230 301.521570 nan 
37 318.228653 nan 304.099615 nan 299.263493 308.557155 302.058125 301.588777 nan 
38 315.799226 nan 303.833668 nan 299.174979 308.292209 302.288339 301.440035 nan 
39 312.333779 nan 303.595631 nan 299.112266 307.281253 302.321899 301.040845 nan 
40 308.909002 nan 303.149375 nan 299.039544 306.028501 302.060958 300.347677 nan 
41 304.066283 nan 302.539254 nan 298.963506 304.570495 301.559749 299.876619 nan 
42 297.051226 nan 301.885443 nan 298.865145 303.182042 300.950472 299.912790 nan 
43 290.405832 nan 301.437093 nan 298.832107 302.580906 300.673307 299.844408 nan 
44 286.473820 nan 300.974781 nan 298.573717 301.863931 300.157746 299.128338 nan 
45 287.630506 nan 300.640062 nan 298.417965 301.436070 299.878661 298.951650 nan 
46 289.937895 nan 300.117876 nan 298.251038 300.869912 299.433495 298.295685 nan 
47 290.331861 nan 299.547411 nan 298.033753 300.274227 298.938920 297.622779 nan 
48 288.749124 nan 298.325932 nan 297.620670 299.712746 298.465405 296.859984 nan 
49 287.683451 nan 297.316434 nan 297.228700 299.250224 298.080826 296.192206 nan 
50 287.502546 nan 297.311723 nan 297.050225 298.739756 297.642898 295.848187 nan 
51 287.381250 nan 297.230396 nan 296.878479 298.201270 297.171171 295.392913 nan 
52 288.818347 nan 295.879809 nan 296.237315 297.604427 296.537962 292.952374 nan 
53 295.604545 nan 295.778191 nan 295.970457 297.822339 296.485583 293.366447 nan 
54 297.796687 nan 295.933851 nan 295.880359 298.279559 296.779075 294.161598 nan 
55 299.850012 nan 295.437012 nan 295.556281 298.921529 297.105083 294.633196 nan 
56 294.311574 nan 292.885878 nan 294.868222 298.763743 297.242057 294.048581 nan 
57 296.354934 nan 286.874714 nan 293.424330 299.122717 297.424907 294.752646 nan 
58 304.316958 nan 290.613444 nan 292.862558 299.299187 297.846749 296.343845 nan 
59 308.424021 nan 293.685983 nan 293.056680 300.215964 298.433278 298.413562 nan 
60 309.008790 nan 295.010996 nan 294.158528 302.336578 299.039402 297.794321 nan 
61 308.508614 nan 297.361726 nan 295.021597 303.189420 299.270701 297.823546 nan 
62 308.050434 nan 298.066613 nan 295.504769 303.777174 299.271632 297.550524 nan 
63 305.763295 nan 298.203345 nan 295.790588 303.550869 299.096951 297.093615 nan 
64 301.337041 nan 297.837131 nan 295.885368 302.287328 298.646673 296.171165 nan 
65 296.356928 nan 296.980867 nan 295.759635 300.399197 297.891548 294.908730 nan 
66 292.213062 nan 295.992220 nan 295.474737 298.667166 296.979264 294.148488 nan 
67 289.004261 nan 295.861101 nan 295.399561 297.764949 296.371122 294.825634 nan 
68 285.756508 nan 296.028877 nan 295.480762 297.420687 296.192358 294.611403 nan 
69 286.068845 nan 295.830493 nan 295.457229 297.081576 295.970571 294.551949 nan 
70 286.365692 nan 295.586623 nan 295.391574 296.749552 295.728599 294.242930 nan 
71 286.434687 nan 295.162127 nan 295.238683 296.401482 295.454276 293.974402 nan 
72 286.694465 nan 294.886051 nan 295.107047 296.082554 295.198994 293.723941 nan 
73 286.538535 nan 294.722112 nan 294.996947 295.765645 294.938763 293.434500 nan 
74 286.569452 nan 294.051358 nan 294.731597 295.431154 294.655408 293.124718 nan 
75 286.571405 nan 292.592093 nan 294.107549 294.830249 294.107694 291.343383 nan 
76 287.242747 nan 291.720956 nan 293.578737 294.341941 293.617121 290.522361 nan 
77 288.622946 nan 290.739647 nan 293.220080 294.399128 293.500303 290.256245 nan 
78 289.323599 nan 290.721456 nan 292.976860 294.518752 293.627548 290.516012 nan 
79 291.065490 nan 288.195303 nan 292.356435 295.077981 293.993042 291.437267 nan 
80 297.213342 nan 289.035614 nan 292.070928 295.854827 294.414388 292.193180 nan 
81 301.232517 nan 290.595738 nan 292.318134 297.180623 294.961765 293.956798 nan 
82 301.676858 nan 295.132253 nan 293.027831 296.998692 295.366057 295.522551 nan 
83 303.285526 nan 295.888270 nan 293.313432 297.326774 295.811750 295.732705 nan 
84 303.868600 nan 295.025977 nan 293.470817 298.651962 296.307774 295.046762 nan 
85 303.344539 nan 295.618665 nan 293.764696 298.878977 296.519157 294.947238 nan 
86 302.188269 nan 295.928185 nan 293.958282 298.670199 296.562736 294.723564 nan 
87 298.798723 nan 295.475834 nan 293.953550 298.020431 296.239438 293.745399 nan 
88 296.335074 nan 294.983116 nan 293.958429 297.318827 295.830677 293.599242 nan 
89 292.515850 nan 293.401914 nan 293.448817 296.538457 295.244068 292.162963 nan 
90 288.351438 nan 291.296367 nan 293.138780 295.694923 294.749385 292.435634 nan 
91 287.041797 nan 290.799881 nan 292.663193 295.148199 294.356292 292.551682 nan 
92 287.060121 nan 291.500213 nan 292.831093 294.767851 294.062159 292.565231 nan 
93 285.235312 nan 292.871029 nan 293.264678 294.601861 293.952115 292.702100 nan 
94 283.229948 nan 293.325485 nan 293.372139 294.315784 293.713227 292.308781 nan 
95 283.354427 nan 293.300060 nan 293.390980 294.043293 293.481287 292.129331 nan 
96 284.478589 nan 292.858574 nan 293.281036 293.795395 293.269394 291.902439 nan 
97 286.223007 nan 292.312964 nan 293.160578 293.603665 293.110294 291.813662 nan 
98 285.798425 nan 291.303139 nan 292.961665 293.360332 292.896632 291.342522 nan 
99 286.319749 nan 289.492539 nan 292.468609 293.192206 292.755778 291.244319 nan 
100 287.804800 nan 286.692143 nan 291.161820 292.994701 292.569254 289.619742 nan 
101 288.230492 nan 285.680366 nan 290.366486 292.820021 292.397366 289.754785 nan 
102 288.627296 nan 286.027215 nan 290.102174 292.725489 292.333826 289.887873 nan 
103 289.543796 nan 286.638422 nan 290.046664 292.818967 292.386365 290.101563 nan 
104 289.557272 nan 287.020630 nan 289.952310 292.887806 292.403734 290.006900 nan 
105 290.817715 nan 287.555107 nan 290.016927 293.251245 292.526986 290.418069 nan 
106 290.970616 nan 288.130282 nan 290.269804 293.216912 292.669698 290.915526 nan 
107 292.868250 nan 287.175752 nan 290.541933 294.029341 293.273489 292.670961 nan 
108 291.706611 nan 286.406049 nan 290.154739 294.439565 293.476833 291.286287 nan 
109 293.270227 nan 288.318748 nan 290.620583 294.836141 293.554345 291.996948 nan 
110 291.372397 nan 289.134902 nan 290.896930 294.447340 293.537053 291.490361 nan 
111 290.406166 nan 288.660393 nan 290.675610 293.810767 293.186904 290.805730 nan 
112 291.055762 nan 289.104112 nan 290.902805 293.727765 292.989522 291.289673 nan 
113 290.442543 nan 289.080857 nan 290.894951 293.574901 292.770172 290.775585 nan 
114 288.068719 nan 288.633252 nan 290.707517 292.962264 292.439829 290.123306 nan 
115 285.977661 nan 289.110587 nan 290.862016 292.517603 292.104919 290.412151 nan 
116 284.005908 nan 290.381271 nan 291.483714 292.280619 291.917956 290.085296 nan 
117 283.775600 nan 289.287931 nan 291.054474 291.994558 291.665785 290.160162 nan 
118 281.929683 nan 288.365996 nan 290.661073 291.635132 291.331860 289.746472 nan 
119 281.330025 nan 287.780059 nan 290.363501 291.367686 291.085272 289.819089 nan 
120 280.651309 nan 287.499238 nan 290.160064 291.117781 290.853458 289.453768 nan 
121 279.900587 nan 287.313024 nan 290.003270 290.906046 290.657911 289.322693 nan 
122 279.644870 nan 286.046377 nan 289.490169 290.495262 290.262278 288.654335 nan 
123 279.357713 nan 284.225562 nan 288.832951 290.126724 289.907854 288.123219 nan 
124 284.503355 nan 283.711888 nan 288.752611 290.085426 289.733406 287.831332 nan 
125 287.726196 nan 284.048432 nan 288.747486 290.483940 289.781072 287.842259 nan 
126 289.745876 nan 284.697064 nan 288.554754 291.402666 290.064167 288.308896 nan 
127 290.338587 nan 284.559822 nan 288.151488 292.230345 290.497186 288.356932 nan 
128 296.703188 nan 286.055425 nan 288.571639 293.403198 291.068329 289.597656 nan 
129 301.333393 nan 287.898186 nan 289.148377 294.528761 291.889679 291.296827 nan 
130 305.962558 nan 285.667994 nan 289.701063 294.784190 292.839103 295.804359 nan 
131 306.002408 nan 286.067331 nan 289.541900 295.293248 293.546525 295.331625 nan 
132 304.503041 nan 290.661754 nan 290.360157 296.495159 294.052759 293.759057 nan 
133 304.003105 nan 292.743921 nan 290.806994 296.732360 294.370005 293.769275 nan 
134 303.337879 nan 293.484896 nan 291.092947 296.851263 294.449924 293.353023 nan 
135 301.395490 nan 293.574763 nan 291.283982 296.642851 294.225695 292.639029 nan 
136 298.752820 nan 293.331308 nan 291.385325 296.182535 293.783528 291.920412 nan 
137 295.146083 nan 292.905727 nan 291.416663 295.394687 293.215396 291.133369 nan 
138 286.848028 nan 292.495370 nan 291.396353 293.895179 292.576193 291.028497 nan 
139 279.829996 nan 292.349484 nan 291.427403 293.290592 292.285823 290.938655 nan 
140 275.556507 nan 292.133953 nan 291.375734 292.841237 291.984389 290.569369 nan 
141 273.933821 nan 291.550008 nan 291.164541 292.227252 291.471255 289.729068 nan 
142 272.950617 nan 291.244919 nan 291.026780 291.833164 291.143829 289.540043 nan 
143 272.611002 nan 290.999200 nan 290.910886 291.510028 290.874894 289.384350 nan 
144 272.963589 nan 290.901294 nan 290.858818 291.275174 290.683310 289.181470 nan 
145 274.434515 nan 290.663851 nan 290.742968 290.949762 290.397027 288.858478 nan 
146 274.986861 nan 290.478176 nan 290.637259 290.687784 290.170078 288.651724 nan 
147 274.913236 nan 290.354410 nan 290.554218 290.494022 290.007927 288.597580 nan 
148 282.118923 nan 290.436225 nan 290.545654 290.859239 290.063538 288.822138 nan 
149 291.901450 nan 290.073753 nan 290.285025 291.578223 290.065032 288.523605 nan 
150 297.865604 nan 290.544323 nan 290.295501 292.997045 290.568979 289.567201 nan 
151 301.165430 nan 291.107998 nan 290.366808 294.490629 291.216356 290.403223 nan 
152 306.000962 nan 292.241302 nan 290.691317 296.479543 292.224147 292.260091 nan 
153 307.695970 nan 293.386389 nan 291.054097 297.982859 293.317225 294.492963 nan 
154 308.991633 nan 300.174477 nan 293.157159 297.286389 294.111653 297.992789 nan 
155 310.853134 nan 301.687686 nan 294.200138 297.860431 294.811845 298.001863 nan 
156 310.995606 nan 297.944782 nan 293.196227 300.627435 295.572225 296.019799 nan 
157 310.522489 nan 297.495422 nan 293.031357 301.602750 295.972063 296.039774 nan 
158 308.761695 nan 297.300310 nan 292.985224 301.660602 296.161581 295.942345 nan 
159 306.040487 nan 297.009260 nan 292.947533 301.075635 296.111286 295.386922 nan 
160 302.175143 nan 296.420068 nan 292.870513 300.067265 295.699424 294.338070 nan 
161 297.489532 nan 295.602353 nan 292.726351 298.565892 295.046071 293.271817 nan 
162 288.603532 nan 294.893856 nan 292.530298 296.596425 294.309182 293.096237 nan 
163 281.329498 nan 294.429256 nan 292.356349 295.675791 293.855273 292.897870 nan 
164 277.177576 nan 293.838787 nan 292.145941 294.945199 293.368879 292.017753 nan 
165 275.373699 nan 293.538661 nan 291.998429 294.496441 293.077647 291.819908 nan 
166 274.914901 nan 293.291495 nan 291.877622 294.149669 292.852948 291.738427 nan 
167 274.966065 nan 293.116196 nan 291.782839 293.873504 292.670142 291.450600 nan 
168 276.750618 nan 292.874254 nan 291.682220 293.540454 292.420014 291.097025 nan 
169 279.580402 nan 292.507333 nan 291.531755 293.116672 292.070050 290.680228 nan 
170 279.150958 nan 292.247232 nan 291.404061 292.797880 291.816560 290.427395 nan 
171 278.143511 nan 292.089282 nan 291.312979 292.577472 291.655663 290.376753 nan 
172 285.855686 nan 292.131107 nan 291.295226 292.880847 291.713975 290.505884 nan 
173 293.845893 nan 291.715735 nan 291.077379 293.589072 291.700499 289.969007 nan 
174 300.059333 nan 292.236536 nan 291.130843 295.200334 292.218247 291.072886 nan 
175 305.037321 nan 293.076057 nan 291.323008 297.148225 293.049946 292.425745 nan 
176 308.606333 nan 293.826509 nan 291.536658 299.185498 293.865709 293.173009 nan 
177 311.362863 nan 294.860451 nan 292.023861 300.936410 294.903359 295.926986 nan 
178 314.124058 nan 304.018475 nan 294.927573 300.007810 295.746919 300.762858 nan 
179 314.967411 nan 305.277900 nan 296.154621 300.588153 296.607138 300.339743 nan 
180 314.061531 nan 300.462689 nan 294.727841 303.553943 297.443999 298.058092 nan 
181 311.828381 nan 299.798518 nan 294.415964 303.675341 297.921530 298.053267 nan 
182 311.797420 nan 299.317445 nan 294.252812 303.790438 297.995649 297.451223 nan 
183 309.233429 nan 298.881151 nan 294.150045 303.374910 297.893377 296.834662 nan 
184 305.632998 nan 298.403078 nan 294.040870 302.384449 297.604053 296.253178 nan 
185 301.226061 nan 297.872443 nan 293.924056 301.038642 297.183818 295.747761 nan 
186 291.342410 nan 297.194641 nan 293.725495 299.131980 296.542591 295.521350 nan 
187 283.218498 nan 296.568039 nan 293.510887 298.077970 295.973820 294.968308 nan 
188 279.245612 nan 296.132893 nan 293.329760 297.444883 295.599973 294.546796 nan 
189 277.931028 nan 295.714478 nan 293.184088 296.928666 295.264968 294.116412 nan 
190 277.243017 nan 295.293837 nan 293.043186 296.455592 294.929207 293.658613 nan 
191 276.737616 nan 294.863546 nan 292.894947 295.998887 294.585707 293.197331 nan 
192 277.037434 nan 294.116691 nan 292.656481 295.392384 294.077381 292.282448 nan 
193 277.006089 nan 293.700221 nan 292.456863 294.850182 293.617117 292.032450 nan 
194 276.709642 nan 293.573604 nan 292.353308 294.518231 293.361427 291.888034 nan 
195 276.486676 nan 293.485760 nan 292.290381 294.327299 293.236757 291.841506 nan 
196 285.050944 nan 293.090564 nan 292.133466 294.338588 292.995462 291.309248 nan 
197 295.103854 nan 292.726647 nan 291.918664 295.009925 292.963241 291.102298 nan 
198 298.836895 nan 292.789263 nan 291.835013 296.092864 293.231659 291.300057 nan 
199 304.076067 nan 293.785481 nan 292.100420 297.807049 294.052265 293.267683 nan 
200 307.022326 nan 294.718837 nan 292.382611 299.481860 294.980315 294.577471 nan 
201 308.844504 nan 295.663574 nan 292.679986 300.649978 295.955439 296.451255 nan 
202 311.487875 nan 302.829253 nan 294.938927 300.114600 296.634031 300.127170 nan 
203 313.078430 nan 304.338918 nan 296.024525 300.769030 297.326133 299.997067 nan 
204 313.071219 nan 300.158654 nan 294.838899 303.916251 297.940861 297.781357 nan 
205 311.731990 nan 299.604774 nan 294.568522 304.564841 298.295334 297.776787 nan 
206 311.014251 nan 299.299816 nan 294.420248 304.708364 298.408892 297.378852 nan 
207 307.953882 nan 298.956428 nan 294.318287 304.117381 298.311924 296.830098 nan 
208 304.180455 nan 298.398148 nan 294.223833 302.895763 297.941207 296.018352 nan 
209 298.901608 nan 297.564798 nan 294.072831 301.173614 297.296224 294.957523 nan 
210 289.190308 nan 296.957051 nan 293.839913 299.152862 296.570456 295.212282 nan 
211 283.388681 nan 296.406433 nan 293.668459 298.112907 296.002128 294.565921 nan 
212 278.874709 nan 296.130289 nan 293.485552 297.582413 295.724702 294.407620 nan 
213 276.517167 nan 295.505181 nan 293.310957 296.938398 295.263719 293.522120 nan 
214 274.716456 nan 294.460982 nan 292.961475 296.056856 294.520679 292.418051 nan 
215 274.018946 nan 293.742332 nan 292.660430 295.395654 293.970425 291.752711 nan 
216 274.303306 nan 293.044577 nan 292.354985 294.764084 293.436342 291.086046 nan 
217 275.778826 nan 292.910408 nan 292.233013 294.324015 293.077876 291.183924 nan 
218 276.620640 nan 292.579227 nan 292.081295 293.955710 292.786939 290.961370 nan 
219 279.816144 nan 292.347677 nan 291.946839 293.639476 292.542798 290.967876 nan 
220 286.291592 nan 291.001024 nan 291.401386 293.413223 292.276154 289.522600 nan 
221 288.611412 nan 290.436080 nan 291.066709 293.590262 292.250821 289.616043 nan 
222 293.260536 nan 290.749730 nan 290.998883 294.296050 292.426025 290.285346 nan 
223 299.257255 nan 292.001261 nan 291.262221 295.994816 293.081361 291.661815 nan 
224 303.238545 nan 293.226830 nan 291.528347 298.277102 293.919667 292.783587 nan 
225 304.108884 nan 294.198286 nan 291.713305 299.696402 294.707060 294.327821 nan 
226 305.988484 nan 302.316418 nan 294.041267 298.840802 295.113413 298.474850 nan 
227 307.065684 nan 303.467524 nan 295.051991 299.333570 295.606485 297.908053 nan 
228 306.846627 nan 298.433581 nan 293.631360 302.434464 296.164514 295.124984 nan 
229 307.227031 nan 297.728660 nan 293.364592 303.288244 296.454617 295.263771 nan 
230 305.756809 nan 297.439038 nan 293.283494 303.131905 296.594303 295.194039 nan 
231 303.521255 nan 297.006965 nan 293.200553 302.332171 296.430208 294.605557 nan 
232 300.183930 nan 296.350914 nan 293.072040 301.054452 295.990367 293.635935 nan 
233 295.775740 nan 295.423994 nan 292.864000 299.340977 295.296547 292.513094 nan 
234 285.879227 nan 294.446175 nan 292.548661 296.982331 294.330595 292.409412 nan 
235 279.024692 nan 294.424440 nan 292.478062 296.219421 294.043247 292.506130 nan 
236 276.349387 nan 294.011244 nan 292.323459 295.498213 293.592310 291.912221 nan 
237 275.848397 nan 293.549042 nan 292.148522 294.869835 293.148461 291.397708 nan 
238 275.526696 nan 293.107550 nan 291.967077 294.319243 292.737701 290.939158 nan 
239 274.717411 nan 292.760115 nan 291.806379 293.870274 292.402627 290.622237 nan 
240 274.494910 nan 292.364608 nan 291.633286 293.414059 292.045191 290.184259 nan 
241 275.043809 nan 291.961679 nan 291.441050 292.946607 291.665264 289.797207 nan 
242 274.138900 nan 291.710783 nan 291.300100 292.610464 291.407670 289.600731 nan 
243 272.503258 nan 291.568752 nan 291.199030 292.361486 291.230097 289.534072 nan 
244 280.018776 nan 291.051672 nan 290.964322 292.399024 291.020499 288.674688 nan 
245 288.353370 nan 290.827787 nan 290.716444 293.074213 290.998798 288.707755 nan 
246 298.501001 nan 291.344406 nan 290.730190 294.633443 291.487807 289.842159 nan 
247 303.902239 nan 292.142037 nan 290.888871 296.653809 292.262933 291.196027 nan 
248 307.439990 nan 292.865577 nan 291.064350 298.685301 293.056557 291.992238 nan 
249 310.719281 nan 293.957489 nan 291.384226 300.727174 294.044064 294.631430 nan 
250 312.953299 nan 303.668370 nan 294.496837 299.574527 294.790132 299.695521 nan 
251 313.816945 nan 304.886991 nan 295.722598 300.068214 295.584579 299.163767 nan 
252 313.843745 nan 299.743024 nan 294.193880 303.542055 296.513321 296.770469 nan 
253 312.428200 nan 299.109605 nan 293.911206 304.181685 297.099360 296.977378 nan 
254 310.224609 nan 298.730653 nan 293.789236 303.940856 297.295796 296.606751 nan 
255 306.850997 nan 298.302774 nan 293.705041 303.067453 297.190842 295.959591 nan 
256 302.716216 nan 297.696801 nan 293.609275 301.664043 296.814326 295.091875 nan 
257 297.966218 nan 296.929188 nan 293.497764 299.986456 296.227650 294.312157 nan 
258 290.633716 nan 296.346656 nan 293.336487 298.260026 295.600343 294.466314 nan 
259 284.497807 nan 296.111658 nan 293.313801 297.624132 295.381453 294.538028 nan 
260 280.006081 nan 295.751149 nan 293.219062 297.047970 295.055942 294.003076 nan 
261 277.930682 nan 295.448260 nan 293.134228 296.607256 294.794220 293.690317 nan 
262 276.646849 nan 295.190720 nan 293.059902 296.246823 294.573839 293.414381 nan 
263 275.396462 nan 294.952177 nan 292.876378 295.924931 294.368666 293.161126 nan 
264 274.746647 nan 294.617501 nan 292.746920 295.494688 294.040984 292.687419 nan 
265 273.854158 nan 294.136104 nan 292.583162 294.997823 293.636815 292.214016 nan 
266 272.989909 nan 293.479658 nan 292.344289 294.484413 293.210968 291.521441 nan 
267 272.807658 nan 293.150763 nan 292.176927 294.114627 292.917099 291.317157 nan 
268 280.550471 nan 293.079913 nan 292.103814 294.322810 292.877336 291.083683 nan 
269 294.199125 nan 293.270062 nan 292.103812 295.239530 293.122054 291.673058 nan 
270 302.142976 nan 293.820366 nan 292.186259 296.866529 293.701439 292.606148 nan 
271 306.821951 nan 294.600604 nan 292.340599 298.887484 294.510612 293.717070 nan 
272 310.741274 nan 295.473937 nan 292.702598 301.024733 295.451763 295.067164 nan 
273 314.008933 nan 296.354316 nan 293.117071 303.112507 296.528767 297.365991 nan 
274 316.008796 nan 306.083034 nan 296.135916 302.023327 297.372737 302.182901 nan 
275 316.256884 nan 306.694461 nan 297.055437 302.388129 298.259834 301.285227 nan 
276 316.126752 nan 302.004069 nan 295.621299 305.179082 299.073017 298.967045 nan 
277 315.081963 nan 301.314969 nan 295.238498 305.785249 299.500241 298.859234 nan 
278 313.022001 nan 300.971221 nan 295.027611 305.697482 299.662419 298.429864 nan 
279 310.532377 nan 300.536218 nan 294.858257 305.168568 299.525806 297.720841 nan 
280 306.907045 nan 299.976310 nan 294.725978 304.084297 299.167953 297.015664 nan 
281 302.193323 nan 299.403784 nan 294.564062 302.614940 298.701952 296.614514 nan 
282 291.251175 nan 298.594877 nan 294.372064 300.593639 297.956101 296.668333 nan 
283 283.563215 nan 298.127955 nan 294.342789 299.794534 297.608957 296.379255 nan 
284 279.843121 nan 297.715141 nan 294.252909 299.330734 297.397035 296.105910 nan 
285 278.485796 nan 297.378814 nan 294.172893 298.928188 297.173217 295.816082 nan 
286 278.134195 nan 297.074561 nan 294.094464 298.490667 296.875183 295.452204 nan 
287 278.326371 nan 296.787994 nan 294.015231 298.032984 296.533164 295.034131 nan 
288 278.912945 nan 296.370274 nan 293.781260 297.466168 296.066620 294.395010 nan 
289 279.066586 nan 295.827140 nan 293.592404 296.848576 295.537494 293.754858 nan 
290 278.815737 nan 295.354156 nan 293.404449 296.327655 295.096879 293.252657 nan 
291 279.011164 nan 294.932325 nan 293.226706 295.863923 294.706952 292.872685 nan 
292 286.087588 nan 294.747469 nan 293.130925 295.957035 294.559838 292.515569 nan 
293 294.866446 nan 293.924038 nan 292.782710 296.378233 294.317925 291.461977 nan 
294 300.717004 nan 294.454405 nan 292.808530 297.880519 294.768808 292.683817 nan 
295 305.961675 nan 295.303394 nan 292.976009 299.870323 295.548584 294.089106 nan 
296 309.995818 nan 296.219089 nan 293.191232 301.939590 296.450165 295.393388 nan 
297 311.526962 nan 296.910301 nan 293.384320 303.684122 297.177409 296.630537 nan 
298 315.148934 nan 306.600596 nan 296.473527 302.633050 297.978594 302.518687 nan 
299 316.533988 nan 307.808437 nan 297.702831 303.097980 298.699211 301.584911 nan 
300 315.656250 nan 302.441172 nan 296.104435 306.410230 299.440166 298.961253 nan 
301 314.371308 nan 301.536660 nan 295.735455 307.128198 299.786624 298.842779 nan 
302 312.300333 nan 301.034173 nan 295.557725 306.918203 299.866294 298.440108 nan 
303 309.229676 nan 300.492290 nan 295.425201 306.042630 299.688227 297.701488 nan 
304 304.070509 nan 299.499211 nan 295.243966 304.413876 299.072257 296.300888 nan 
305 299.668924 nan 298.833508 nan 295.073631 302.720014 298.487161 295.932573 nan 
306 289.867163 nan 298.246512 nan 294.816220 300.653157 297.785785 296.398127 nan 
307 284.481864 nan 297.834883 nan 294.633890 299.697824 297.330677 295.911484 nan 
308 281.345676 nan 297.277040 nan 294.457174 298.882694 296.796973 295.224852 nan 
309 280.265351 nan 296.721542 nan 294.270284 298.185287 296.295143 294.601142 nan 
310 280.223464 nan 296.198279 nan 294.080595 297.569032 295.829900 294.071141 nan 
311 280.385449 nan 295.722274 nan 293.895622 297.023231 295.408546 293.613843 nan 
312 279.819959 nan 295.231576 nan 293.696337 296.486002 294.978432 293.105101 nan 
313 278.925354 nan 294.747937 nan 293.485256 295.957437 294.544944 292.622091 nan 
314 278.101330 nan 294.311744 nan 293.283093 295.469204 294.143208 292.189325 nan 
315 277.683859 nan 293.938181 nan 293.094483 295.033472 293.787041 291.870477 nan 
316 284.600706 nan 293.782044 nan 292.980099 295.127290 293.648341 291.568286 nan 
317 289.332104 nan 292.827475 nan 292.501278 295.524604 293.360735 290.551311 nan 
318 298.925024 nan 293.315140 nan 292.474651 296.975197 293.777140 291.599136 nan 
319 304.121201 nan 294.134127 nan 292.628349 298.909881 294.517019 292.902486 nan 
320 308.256385 nan 295.052402 nan 292.858318 300.972327 295.375192 294.170179 nan 
321 310.064829 nan 295.868339 nan 293.082311 302.758087 296.163430 296.008273 nan 
322 313.763529 nan 305.625265 nan 296.172393 301.779390 297.045459 301.885076 nan 
323 314.563617 nan 306.365664 nan 297.150990 302.179793 297.877676 300.766104 nan 
324 313.648995 nan 301.512719 nan 295.725020 304.959953 298.685613 298.302930 nan 
325 312.665017 nan 300.740270 nan 295.421772 305.575870 299.059292 298.305740 nan 
326 310.335720 nan 300.115282 nan 295.242517 305.291261 299.050379 297.561683 nan 
327 305.790978 nan 298.976308 nan 294.942851 303.680470 298.570545 295.905509 nan 
328 302.161391 nan 298.084642 nan 294.700417 302.090207 297.966341 294.961373 nan 
329 298.061325 nan 297.613520 nan 294.602218 300.785747 297.392475 294.860687 nan 
330 288.786113 nan 296.442275 nan 294.260164 298.852269 296.423423 294.198585 nan 
331 281.351633 nan 296.132480 nan 294.074339 297.994450 295.928661 294.233775 nan 
332 277.748325 nan 295.923654 nan 293.949210 297.492240 295.648805 294.180467 nan 
333 275.786656 nan 295.495004 nan 293.789273 296.969465 295.288116 293.711675 nan 
334 274.405321 nan 295.062088 nan 293.614683 296.481264 294.925749 293.238251 nan 
335 274.083487 nan 294.603309 nan 293.426986 296.009138 294.562823 292.785596 nan 
336 274.939435 nan 294.512221 nan 293.336842 295.635424 294.272599 292.499453 nan 
337 276.910592 nan 294.033537 nan 293.129103 295.078339 293.799296 291.979231 nan 
338 276.718205 nan 293.780080 nan 292.987462 294.711250 293.508895 291.736734 nan 
339 276.359750 nan 293.562711 nan 292.864003 294.399868 293.268307 291.577956 nan 
340 282.297194 nan 293.157422 nan 292.683250 294.467393 293.115581 290.618985 nan 
341 289.987376 nan 292.711054 nan 292.382113 294.990193 292.991344 290.569800 nan 
342 300.051066 nan 293.221046 nan 292.369249 296.486760 293.452635 291.499539 nan 
343 305.393154 nan 294.032560 nan 292.503402 298.462544 294.203270 292.700214 nan 
344 309.364955 nan 294.943813 nan 292.722973 300.539807 295.076297 293.913826 nan 
345 310.858813 nan 295.843971 nan 292.958983 302.174585 295.938601 295.958099 nan 
346 314.433610 nan 305.467593 nan 295.982887 301.310218 296.762704 301.474419 nan 
347 315.623086 nan 306.646808 nan 297.214265 301.873099 297.518572 300.767826 nan 
348 315.166643 nan 301.351136 nan 295.673409 305.231667 298.297354 298.061606 nan 
349 314.327069 nan 300.608189 nan 295.338917 306.062525 298.705208 298.020644 nan 
350 312.050678 nan 300.273274 nan 295.187082 305.993476 298.881392 297.720247 nan 
351 308.784622 nan 299.816513 nan 295.074491 305.172861 298.747325 297.000998 nan 
352 304.806459 nan 299.052068 nan 294.929292 303.717797 298.278961 295.869253 nan 
353 300.023224 nan 298.357260 nan 294.769440 301.994733 297.692230 295.319695 nan 
354 287.204439 nan 297.327733 nan 294.472114 299.649645 296.795739 294.971520 nan 
355 279.352816 nan 296.883456 nan 294.248911 298.649872 296.286501 294.801799 nan 
356 275.646880 nan 296.400278 nan 294.041983 297.936121 295.856305 294.283141 nan 
357 274.004373 nan 295.953368 nan 293.853616 297.357945 295.475548 293.827291 nan 
358 273.183316 nan 295.718451 nan 293.724779 296.942920 295.208909 293.559744 nan 
359 273.227664 nan 295.452322 nan 293.610081 296.532731 294.928629 293.231249 nan 
360 273.534573 nan 295.166231 nan 293.495565 296.114232 294.611261 292.921664 nan 
361 273.849469 nan 294.698021 nan 293.323413 295.583875 294.174194 292.436868 nan 
362 273.300829 nan 294.409951 nan 293.195462 295.222931 293.898971 292.197604 nan 
363 273.107060 nan 294.138509 nan 293.074962 294.892664 293.647988 291.991443 nan 
364 280.714686 nan 293.719070 nan 292.901768 294.864445 293.400385 291.358500 nan 
365 293.200977 nan 293.220595 nan 292.587040 295.425471 293.268618 290.647833 nan 
366 299.749203 nan 293.570153 nan 292.501417 296.863775 293.659240 291.397268 nan 
367 303.555561 nan 294.076509 nan 292.518052 298.626939 294.238872 292.193189 nan 
368 308.630422 nan 295.184960 nan 292.795079 300.823569 295.210660 294.184733 nan 
369 311.963751 nan 296.237396 nan 293.096726 302.911139 296.222711 296.394908 nan 
370 314.033524 nan 305.943139 nan 296.152907 301.770868 296.954839 301.603970 nan 
371 315.113948 nan 306.990874 nan 297.337625 302.200506 297.668798 300.858250 nan 
372 314.781860 nan 301.638208 nan 295.774822 305.592661 298.434921 298.163926 nan 
373 313.069429 nan 300.842980 nan 295.435293 306.240626 298.841311 298.132757 nan 
374 310.746821 nan 300.389249 nan 295.282968 306.040304 298.946908 297.743410 nan 
375 307.380272 nan 299.845214 nan 295.164009 305.139338 298.753919 296.999839 nan 
376 303.323447 nan 299.069670 nan 295.010518 303.666864 298.270517 295.936614 nan 
377 297.613102 nan 297.817124 nan 294.744679 301.653504 297.416279 294.569376 nan 
378 287.978192 nan 297.523323 nan 294.529318 299.681658 296.802321 295.493008 nan 
379 281.509713 nan 297.266444 nan 294.374112 298.901201 296.498986 295.231425 nan 
380 278.786742 nan 296.843094 nan 294.224537 298.212299 296.089644 294.688025 nan 
381 278.381508 nan 296.364103 nan 294.063801 297.580487 295.654742 294.114276 nan 
382 278.992011 nan 295.857120 nan 293.886640 296.981372 295.208352 293.571936 nan 
383 279.526024 nan 295.353507 nan 293.694921 296.418528 294.771646 293.057500 nan 
384 280.109743 nan 294.710462 nan 293.448625 295.790016 294.252538 292.340779 nan 
385 280.579003 nan 294.110947 nan 293.180167 295.171341 293.731019 291.773499 nan 
386 280.744304 nan 293.684705 nan 292.964487 294.690757 293.338762 291.396607 nan 
387 280.143351 nan 293.330225 nan 292.772016 294.274125 293.002595 291.120112 nan 
388 284.590361 nan 293.192461 nan 292.656333 294.355777 292.877746 290.844574 nan 
389 288.320380 nan 292.124038 nan 292.095864 294.690691 292.544331 289.695262 nan 
390 298.011171 nan 292.644977 nan 292.066585 296.142875 292.966529 290.760586 nan 
391 302.923434 nan 293.524294 nan 292.234463 298.069004 293.727055 292.187810 nan 
392 306.835452 nan 294.456920 nan 292.471182 300.141049 294.589214 293.477997 nan 
393 307.246412 nan 295.207157 nan 292.630199 301.394197 295.393554 294.958091 nan 
394 309.983853 nan 302.284378 nan 294.700835 300.411853 296.343883 299.579149 nan 
395 311.245114 nan 303.438694 nan 295.498928 300.745948 297.059821 299.057561 nan 
396 308.625364 nan 299.509035 nan 294.493699 302.642801 297.474642 296.377418 nan 
397 307.762283 nan 298.651829 nan 294.186670 302.692070 297.512492 295.987520 nan 
398 306.564126 nan 298.153976 nan 294.048603 302.451435 297.454006 295.494047 nan 
399 304.940878 nan 297.750399 nan 293.959980 302.012108 297.278876 295.086859 nan 
400 299.885612 nan 296.870984 nan 293.775667 300.771753 296.696111 293.832679 nan 
401 295.739280 nan 296.197162 nan 293.651585 299.297302 296.028543 293.360342 nan 
402 287.845307 nan 295.731464 nan 293.488797 297.571914 295.296545 293.717943 nan 
403 283.373321 nan 295.427806 nan 293.385950 296.805163 294.882040 293.385173 nan 
404 280.699760 nan 294.973044 nan 293.232145 296.134574 294.420679 292.837470 nan 
405 279.252800 nan 294.493069 nan 293.055264 295.540305 293.975874 292.283762 nan 
406 278.331157 nan 294.030121 nan 292.866668 294.991559 293.545028 291.794572 nan 
407 278.346424 nan 293.593854 nan 292.675031 294.488768 293.141564 291.353960 nan 
408 278.851104 nan 293.140161 nan 292.478758 294.002705 292.742677 290.891902 nan 
409 278.557072 nan 292.703953 nan 292.279320 293.525545 292.343196 290.470870 nan 
410 277.732029 nan 292.362078 nan 292.097516 293.116117 292.004560 290.162855 nan 
411 277.509304 nan 292.057721 nan 291.924335 292.744971 291.698929 289.892701 nan 
412 283.430893 nan 291.922481 nan 291.816446 292.834258 291.578553 289.713510 nan 
413 287.910896 nan 291.053022 nan 291.338368 293.266523 291.343342 288.943103 nan 
414 296.666272 nan 291.616565 nan 291.347099 294.748667 291.804353 290.116548 nan 
415 300.005886 nan 292.426421 nan 291.500722 296.170595 292.558555 291.355282 nan 
416 301.068136 nan 292.863863 nan 291.543947 297.157691 293.139833 291.870895 nan 
417 300.436986 nan 293.402502 nan 291.756887 297.166123 293.793622 293.216359 nan 
418 301.990463 nan 295.940589 nan 292.302971 296.589543 294.237960 294.943532 nan 
419 301.934816 nan 296.500280 nan 292.565415 296.667296 294.510683 294.545917 nan 
420 301.697001 nan 295.162913 nan 292.389127 297.536444 294.780848 293.744242 nan 
421 302.149520 nan 295.352887 nan 292.480440 297.906469 295.064962 294.059955 nan 
422 300.783233 nan 295.262166 nan 292.520644 297.999203 295.061682 293.637039 nan 
423 299.741180 nan 294.938276 nan 292.495222 297.835285 294.825254 293.131206 nan 
424 295.560263 nan 294.097469 nan 292.331361 296.921795 294.240838 291.862221 nan 
425 293.384533 nan 293.676304 nan 292.249518 295.930768 293.747297 291.665037 nan 
426 288.499459 nan 292.944620 nan 292.011714 294.535688 293.035757 291.049122 nan 
427 286.593044 nan 293.252468 nan 292.092764 294.187429 292.907423 291.830992 nan 
428 285.345336 nan 293.043814 nan 292.035860 293.800963 292.657242 291.563234 nan 
429 283.483574 nan 292.790353 nan 291.943236 293.423428 292.377137 291.172345 nan 
430 283.289167 nan 292.589630 nan 291.853146 293.122359 292.153194 291.049278 nan 
431 283.795476 nan 292.425805 nan 291.774320 292.882743 291.979184 290.876013 nan 
432 283.980556 nan 292.261353 nan 291.694035 292.650492 291.804771 290.714226 nan 
433 283.209086 nan 292.081854 nan 291.604022 292.392756 291.598886 290.423397 nan 
434 282.207810 nan 291.910110 nan 291.511587 292.150037 291.403204 290.249971 nan 
435 281.135659 nan 291.702118 nan 291.406723 291.894188 291.190772 289.985457 nan 
436 285.370954 nan 291.454578 nan 291.289121 291.927849 291.098616 289.441839 nan 
437 290.027737 nan 290.911979 nan 290.953972 292.027715 290.941398 289.156645 nan 
438 296.292826 nan 291.376108 nan 290.945146 293.028198 291.406605 290.129141 nan 
439 299.158960 nan 291.830316 nan 290.980066 294.207716 291.977118 290.683632 nan 
440 303.560780 nan 292.866390 nan 291.261914 295.726535 292.879387 292.512402 nan 
441 306.758257 nan 293.676273 nan 291.517938 297.343208 293.847514 294.206771 nan 
442 307.081092 nan 297.753477 nan 292.614260 296.956396 294.646728 296.235688 nan 
443 311.163580 nan 300.468405 nan 293.704658 297.776648 295.257712 297.542591 nan 
444 311.022284 nan 297.799366 nan 293.121657 300.738148 295.981287 296.064708 nan 
445 310.459431 nan 297.727852 nan 293.132074 301.724744 296.507374 296.520088 nan 
446 308.664100 nan 297.632077 nan 293.185017 302.023822 296.686601 296.297991 nan 
447 305.061637 nan 297.344749 nan 293.205140 301.289773 296.550474 295.647097 nan 
448 301.924784 nan 296.763164 nan 293.159155 300.238118 296.096385 294.650230 nan 
449 297.356955 nan 295.992804 nan 293.049129 298.766222 295.458481 293.650107 nan 
450 287.338310 nan 295.515233 nan 292.871086 296.927588 294.839474 293.819127 nan 
451 281.702082 nan 295.049505 nan 292.736345 296.033251 294.349013 293.191706 nan 
452 277.860440 nan 294.781885 nan 292.603877 295.553455 294.085619 292.936516 nan 
453 276.688668 nan 294.485624 nan 292.503011 295.127260 293.807664 292.620670 nan 
454 277.033434 nan 294.145344 nan 292.393862 294.701025 293.493368 292.232953 nan 
455 278.009774 nan 293.784741 nan 292.268958 294.282678 293.165654 291.839047 nan 
456 279.545689 nan 293.384744 nan 292.123215 293.852371 292.812803 291.391441 nan 
457 280.843049 nan 292.969897 nan 291.956743 293.412311 292.440610 290.962967 nan 
458 280.406939 nan 292.642822 nan 291.806718 293.048711 292.137605 290.648677 nan 
459 279.159446 nan 292.361958 nan 291.660141 292.727022 291.871028 290.389341 nan 
460 284.181032 nan 292.256093 nan 291.575337 292.842131 291.785591 290.334575 nan 
461 289.355502 nan 291.550079 nan 291.234552 293.357004 291.629367 289.593857 nan 
462 298.338027 nan 292.000074 nan 291.237176 294.841487 292.046915 290.682707 nan 
463 303.379710 nan 292.954762 nan 291.467073 296.822326 292.888131 292.224272 nan 
464 307.774840 nan 294.012193 nan 291.768911 299.049338 293.896148 293.752695 nan 
465 310.905410 nan 295.032069 nan 292.264312 301.161360 294.940949 295.747113 nan 
466 311.138363 nan 303.995744 nan 295.055143 299.902494 295.467400 299.855017 nan 
467 314.616663 nan 305.792438 nan 296.423211 300.564726 296.364125 300.442183 nan 
468 315.159357 nan 300.882570 nan 294.875855 304.109512 297.335624 297.941724 nan 
469 314.180301 nan 300.186356 nan 294.544605 305.111118 297.949520 298.129098 nan 
470 312.119781 nan 299.796674 nan 294.400963 305.071166 298.190653 297.851594 nan 
471 308.667028 nan 299.376200 nan 294.309846 304.243916 298.124256 297.176130 nan 
472 304.211756 nan 298.758932 nan 294.225959 302.847407 297.749821 296.234623 nan 
473 298.525799 nan 297.730807 nan 294.093812 300.958211 297.012176 295.039330 nan 
474 288.498315 nan 297.295217 nan 293.909344 299.115817 296.472246 295.599264 nan 
475 282.207951 nan 296.897712 nan 293.791956 298.296092 296.093655 295.113929 nan 
476 279.591115 nan 296.479975 nan 293.545430 297.642749 295.701229 294.584604 nan 
477 279.440925 nan 296.036172 nan 293.396681 297.060366 295.302301 294.080825 nan 
478 280.596864 nan 295.545583 nan 293.246401 296.491035 294.874911 293.541358 nan 
479 281.411736 nan 295.045180 nan 293.075589 295.945047 294.445635 293.012912 nan 
480 282.054440 nan 294.512382 nan 292.882891 295.396850 293.998382 292.441989 nan 
481 282.620968 nan 293.989397 nan 292.673183 294.860551 293.551778 291.920957 nan 
482 282.636418 nan 293.561642 nan 292.480992 294.404473 293.176685 291.538075 nan 
483 283.135380 nan 293.211160 nan 292.312722 294.025455 292.871898 291.311402 nan 
484 286.682160 nan 292.786762 nan 292.125357 294.011845 292.691908 290.433893 nan 
485 289.146495 nan 292.167849 nan 291.755057 294.406195 292.481929 290.191084 nan 
486 298.312122 nan 292.788929 nan 291.811176 295.879557 292.992475 291.427677 nan 
487 301.882884 nan 293.588672 nan 291.994726 297.413836 293.720887 292.580476 nan 
488 306.930081 nan 294.498832 nan 292.228971 299.421432 294.592635 293.981622 nan 
489 307.066100 nan 295.152399 nan 292.425339 300.856854 295.292561 294.799402 nan 
490 311.467448 nan 303.601184 nan 295.081632 300.161203 296.062022 300.520549 nan 
491 312.546833 nan 304.361852 nan 295.966027 300.688815 296.927108 299.676288 nan 
492 311.863433 nan 300.217725 nan 294.789561 303.261545 297.658020 297.486618 nan 
493 310.640031 nan 299.644845 nan 294.569563 303.585623 298.074629 297.584935 nan 
494 309.687345 nan 299.292314 nan 294.477496 303.601850 298.200896 297.377432 nan 
495 306.312648 nan 298.809670 nan 294.397008 303.006067 298.001548 296.605951 nan 
496 302.448874 nan 298.058561 nan 294.261743 301.883778 297.462316 295.505633 nan 
497 297.761713 nan 297.149310 nan 294.067065 300.328347 296.748613 294.546112 nan 
498 289.082383 nan 296.352813 nan 293.793931 298.249330 295.901966 294.553828 nan 
499 283.304983 nan 296.162072 nan 293.637526 297.555878 295.584915 294.365546 nan 
500 280.575846 nan 295.765873 nan 293.485623 296.929352 295.184382 293.855738 nan 
501 279.985361 nan 295.325769 nan 293.325707 296.365988 294.780396 293.364701 nan 
502 280.353402 nan 294.881531 nan 293.161031 295.850727 294.389069 292.930325 nan 
503 281.457026 nan 294.486249 nan 293.000738 295.409517 294.050731 292.622147 nan 
504 282.272287 nan 294.049574 nan 292.820685 294.949922 293.680973 292.115560 nan 
505 281.959721 nan 293.588978 nan 292.610256 294.454920 293.266008 291.590343 nan 
506 282.295256 nan 293.179755 nan 292.422500 294.030871 292.914765 291.259330 nan 
507 284.137177 nan 292.849082 nan 292.262785 293.695350 292.646267 291.159250 nan 
508 286.111413 nan 291.836701 nan 291.856162 293.405937 292.293155 289.238509 nan 
509 287.994896 nan 291.512431 nan 291.529609 293.460059 292.142737 289.686110 nan 
510 295.720838 nan 292.055713 nan 291.543444 294.563933 292.569266 290.823635 nan 
511 297.638686 nan 292.733723 nan 291.664662 295.412084 293.156580 291.677771 nan 
512 299.077896 nan 293.236172 nan 291.778718 295.930907 293.638869 292.254387 nan 
513 302.216789 nan 293.865236 nan 291.930604 296.832292 294.286759 293.473953 nan 
514 304.622827 nan 297.709199 nan 292.889643 297.090372 294.994383 296.271384 nan 
515 301.705888 nan 297.483251 nan 293.038249 297.206891 295.314545 295.252602 nan 
516 299.408994 nan 295.494790 nan 292.633065 297.471939 295.204314 293.558945 nan 
517 300.460334 nan 295.280226 nan 292.505721 297.537256 295.207235 293.706808 nan 
518 298.131142 nan 294.914827 nan 292.447582 297.286614 295.020088 293.018907 nan 
519 296.521933 nan 294.450611 nan 292.345657 296.688902 294.627730 292.460896 nan 
520 294.181363 nan 293.980443 nan 292.239835 295.939718 294.217493 291.852119 nan 
521 291.639003 nan 293.220476 nan 292.073056 295.127808 293.647152 291.137408 nan 
522 288.177989 nan 292.276688 nan 291.732711 293.937222 292.859407 290.463841 nan 
523 287.375220 nan 292.530208 nan 291.738316 293.557785 292.608985 291.335809 nan 
524 286.425591 nan 292.460972 nan 291.700084 293.272143 292.409173 291.078573 nan 
525 285.301882 nan 292.183545 nan 291.606526 292.939849 292.142783 290.783820 nan 
526 283.396356 nan 291.828352 nan 291.472735 292.551562 291.809149 290.263628 nan 
527 283.500792 nan 291.609992 nan 291.341622 292.230718 291.535978 290.092889 nan 
528 283.360676 nan 291.345738 nan 291.213155 291.943964 291.292102 289.799998 nan 
529 282.547162 nan 291.116799 nan 291.075330 291.638692 291.025625 289.463307 nan 
530 282.309183 nan 290.945443 nan 290.955625 291.388526 290.810975 289.332523 nan 
531 282.611906 nan 290.750889 nan 290.858287 291.186393 290.641904 289.255303 nan 
532 284.275791 nan 290.084649 nan 290.569262 291.000811 290.404572 287.931637 nan 
533 288.516418 nan 289.670171 nan 290.284516 291.023163 290.203338 287.810280 nan 
534 292.216636 nan 289.939536 nan 290.202415 291.686916 290.454498 288.537547 nan 
535 293.784886 nan 290.347703 nan 290.211380 292.225041 290.844661 289.179447 nan 
536 296.244486 nan 290.814135 nan 290.259466 292.838489 291.314129 290.017746 nan 
537 295.368677 nan 289.684501 nan 290.035440 294.349642 291.963069 290.668795 nan 
538 297.294643 nan 281.966899 nan 289.250524 294.174808 292.283309 292.043767 nan 
539 301.196571 nan 283.857514 nan 288.475818 294.365064 292.850440 292.642914 nan 
540 298.909564 nan 288.605406 nan 287.978238 294.893517 292.957604 291.813971 nan 
541 300.641470 nan 290.838409 nan 289.229115 295.469787 293.111080 292.399488 nan 
542 299.835221 nan 291.817236 nan 289.803249 295.745102 293.241339 292.204344 nan 
543 296.376458 nan 291.873341 nan 290.094766 295.223843 292.919021 291.258943 nan 
544 294.324036 nan 291.698507 nan 290.228475 294.457753 292.499058 290.639040 nan 
545 291.575988 nan 291.305903 nan 290.278480 293.613822 291.999582 289.925127 nan 
546 287.117213 nan 290.711365 nan 290.164231 292.350232 291.302353 289.454576 nan 
547 285.142906 nan 291.065378 nan 290.336653 292.013573 291.135748 290.012631 nan 
548 284.193333 nan 290.976461 nan 290.350028 291.671263 290.896119 289.753155 nan 
549 283.985967 nan 290.867437 nan 290.344578 291.419022 290.715283 289.655683 nan 
550 283.271243 nan 290.771959 nan 290.328327 291.215567 290.566629 289.506619 nan 
551 282.098312 nan 290.666514 nan 290.299138 291.022320 290.418691 289.356882 nan 
552 281.605916 nan 290.512248 nan 290.253940 290.810840 290.246994 289.144620 nan 
553 282.190493 nan 290.397869 nan 290.213649 290.644115 290.115597 289.147289 nan 
554 281.946398 nan 290.375644 nan 290.190226 290.529986 290.033478 289.080779 nan 
555 281.231474 nan 290.311259 nan 290.154970 290.399824 289.932881 288.975046 nan 
556 284.214913 nan 290.159007 nan 290.082653 290.447937 289.867489 288.525886 nan 
557 290.625001 nan 290.076004 nan 289.964897 290.949496 289.914236 288.801570 nan 
558 297.325200 nan 290.384644 nan 289.945581 292.307228 290.301702 289.255970 nan 
559 302.500140 nan 291.273521 nan 290.162320 294.242873 291.115190 290.883221 nan 
560 307.057028 nan 292.186366 nan 290.425695 296.547995 292.020917 292.080286 nan 
561 309.540463 nan 293.222660 nan 290.947986 298.489592 293.118478 294.192212 nan 
562 312.382191 nan 302.715282 nan 293.979160 297.876918 293.928485 299.572793 nan 
563 313.816697 nan 304.015248 nan 295.302638 298.633343 294.744545 299.229949 nan 
564 313.071365 nan 298.836237 nan 293.713894 302.076363 295.575249 296.526162 nan 
565 312.326432 nan 298.119324 nan 293.390727 302.864838 296.020796 296.542755 nan 
566 310.457889 nan 297.798273 nan 293.256568 302.795206 296.236392 296.249730 nan 
567 307.506296 nan 297.443003 nan 293.152563 302.057007 296.195295 295.679347 nan 
568 303.666646 nan 296.976050 nan 293.046113 300.795390 295.918737 295.029368 nan 
569 298.677971 nan 296.422705 nan 292.918174 299.226268 295.474700 294.391592 nan 
570 286.536261 nan 295.679581 nan 292.702481 297.215616 294.771212 293.992200 nan 
571 279.355595 nan 295.203063 nan 292.540860 296.373096 294.356326 293.491986 nan 
572 276.219005 nan 294.852187 nan 292.435883 295.928155 294.159757 293.204401 nan 
573 275.234972 nan 294.567429 nan 292.342777 295.530453 293.935255 292.922259 nan 
574 274.711912 nan 294.314598 nan 292.257056 295.154831 293.691315 292.626110 nan 
575 274.630861 nan 294.048164 nan 292.098195 294.808403 293.453274 292.360925 nan 
576 276.206327 nan 293.702263 nan 291.984333 294.382580 293.122426 291.915250 nan 
577 278.230494 nan 293.336380 nan 291.848284 293.955345 292.778065 291.545662 nan 
578 278.389009 nan 293.103924 nan 291.746705 293.676484 292.573462 291.357826 nan 
579 277.848432 nan 292.856706 nan 291.649887 293.394057 292.358428 291.148198 nan 
580 282.116690 nan 292.745161 nan 291.588507 293.431174 292.271172 291.074640 nan 
581 290.106254 nan 292.326430 nan 291.393843 293.843025 292.246659 290.557799 nan 
582 297.143259 nan 292.636810 nan 291.350159 294.634486 292.647289 291.352148 nan 
583 301.559242 nan 293.457444 nan 291.508906 295.934488 293.434989 292.791308 nan 
584 305.395220 nan 294.456106 nan 291.758651 297.563045 294.417161 294.199244 nan 
585 307.674609 nan 295.459441 nan 292.034857 298.947984 295.424062 295.662382 nan 
586 309.935250 nan 300.387532 nan 293.482244 298.877898 296.295361 298.556132 nan 
587 311.254980 nan 301.585595 nan 294.214364 299.529698 297.044847 298.666460 nan 
588 310.162633 nan 298.705480 nan 293.508315 301.543261 297.422841 296.498161 nan 
589 311.563105 nan 298.724680 nan 293.440673 302.778546 297.857319 297.617755 nan 
590 309.596626 nan 298.579092 nan 293.419300 303.097199 297.948817 296.988514 nan 
591 304.783539 nan 297.852183 nan 293.351666 302.269632 297.479564 295.437830 nan 
592 301.953836 nan 297.436808 nan 293.255580 301.155700 297.105844 295.266511 nan 
593 295.483487 nan 295.914420 nan 292.898176 299.400615 296.411123 293.926420 nan 
594 287.890699 nan 295.118171 nan 292.617492 297.505474 295.537951 293.838734 nan 
595 284.482910 nan 295.014588 nan 292.616522 296.862334 295.211283 293.823003 nan 
596 283.600607 nan 294.939053 nan 292.487554 296.276078 294.819832 293.403428 nan 
597 281.992534 nan 294.547869 nan 292.343301 295.695973 294.376075 292.714962 nan 
598 280.377592 nan 294.127592 nan 292.185761 295.155762 293.940529 292.221133 nan 
599 279.677797 nan 293.758190 nan 292.038197 294.707035 293.577927 291.849155 nan 
600 278.877805 nan 293.489157 nan 291.912836 294.360994 293.306420 291.614362 nan 
601 278.202183 nan 293.279135 nan 291.805042 294.082513 293.094571 291.432787 nan 
602 278.103747 nan 293.043282 nan 291.702352 293.788795 292.861551 291.222438 nan 
603 279.099581 nan 292.772384 nan 291.585993 293.472011 292.600818 290.967298 nan 
604 285.082751 nan 292.675881 nan 291.524740 293.482284 292.536321 290.954897 nan 
605 290.151102 nan 291.749092 nan 291.191209 293.468813 292.273360 289.685310 nan 
606 294.511484 nan 292.141255 nan 291.165723 294.099078 292.558750 290.442404 nan 
607 298.094050 nan 292.861670 nan 291.268745 295.037554 293.178493 291.560050 nan 
608 301.761256 nan 293.679468 nan 291.431280 296.163921 293.974582 292.827645 nan 
609 305.041854 nan 294.474200 nan 291.643862 297.458355 294.775444 294.066143 nan 
610 305.102995 nan 297.752267 nan 292.483153 297.237557 295.272974 295.695770 nan 
611 305.545165 nan 298.403205 nan 292.865669 297.498370 295.552965 295.543364 nan 
612 308.789457 nan 296.824808 nan 292.569357 299.821639 296.207304 295.267882 nan 
613 307.792484 nan 296.754900 nan 292.586414 300.634165 296.553301 295.120306 nan 
614 307.816005 nan 296.631071 nan 292.627095 300.984148 296.564035 294.925294 nan 
615 301.866993 nan 296.081742 nan 292.603596 299.882899 296.125327 294.037130 nan 
616 298.355836 nan 295.535143 nan 292.534679 298.474427 295.599112 293.439045 nan 
617 295.779400 nan 295.058189 nan 292.474708 297.433872 295.154207 293.154220 nan 
618 288.182367 nan 294.367214 nan 292.311814 296.121696 294.573118 293.112703 nan 
619 284.229745 nan 293.658893 nan 292.087143 295.384389 294.082266 292.569155 nan 
620 282.877579 nan 292.908133 nan 291.840510 294.976438 293.820576 292.322616 nan 
621 283.045436 nan 292.902612 nan 291.748733 294.606818 293.557398 292.124302 nan 
622 283.594238 nan 292.915455 nan 291.738439 294.268172 293.302031 291.846824 nan 
623 284.331121 nan 291.921627 nan 291.461130 293.939719 293.042081 291.378704 nan 
624 285.233220 nan 290.572760 nan 291.077099 293.586314 292.749096 290.448897 nan 
625 285.791699 nan 287.561135 nan 290.328657 293.295312 292.511028 290.042436 nan 
626 285.737860 nan 286.507675 nan 289.852529 293.015950 292.279401 289.768176 nan 
627 285.311106 nan 286.382298 nan 289.584076 292.738183 292.045096 289.621603 nan 
628 286.699447 nan 286.433379 nan 289.344497 292.558549 291.854551 289.286063 nan 
629 288.860325 nan 286.668483 nan 289.228716 292.603006 291.875814 289.533707 nan 
630 289.605056 nan 286.981551 nan 289.221107 292.882232 291.987140 289.746829 nan 
631 290.124937 nan 286.864807 nan 289.119302 293.318159 292.137606 289.788536 nan 
632 291.566559 nan 287.541157 nan 289.425503 293.782628 292.438509 290.987267 nan 
633 292.603862 nan 287.912103 nan 289.559856 294.654270 292.796244 291.299608 nan 
634 299.555096 nan 287.276872 nan 290.106450 294.680871 293.180731 292.199719 nan 
635 302.514193 nan 281.546738 nan 290.127250 295.179747 293.587568 293.978296 nan 
636 302.937599 nan 286.602910 nan 290.216505 296.485613 294.085428 293.455077 nan 
637 305.974884 nan 291.288218 nan 291.197472 297.732796 294.643865 294.140971 nan 
638 303.971664 nan 292.653375 nan 291.576480 298.359745 294.860758 293.943645 nan 
639 301.620276 nan 293.129490 nan 291.764931 297.977180 294.739363 293.489788 nan 
640 298.022966 nan 290.381420 nan 291.024352 297.307985 294.331339 292.401848 nan 
641 293.909453 nan 289.876204 nan 290.840319 296.082802 293.821736 292.004903 nan 
642 286.024380 nan 290.953597 nan 291.073722 294.622006 293.234919 291.876830 nan 
643 281.145336 nan 291.458899 nan 291.227457 293.948537 292.818030 291.341945 nan 
644 280.568351 nan 291.575144 nan 291.276604 293.451092 292.466835 291.056774 nan 
645 281.127787 nan 289.422700 nan 290.600436 292.946827 292.061751 290.512613 nan 
646 281.738892 nan 288.090415 nan 290.189532 292.439214 291.628473 290.014570 nan 
647 282.058794 nan 289.551508 nan 289.856710 292.003082 291.252405 289.541399 nan 
648 283.113982 nan 289.877332 nan 289.875992 291.627058 290.927625 289.287959 nan 
649 281.673890 nan 289.765747 nan 289.971163 291.180088 290.525351 288.668170 nan 
650 280.196798 nan 289.666139 nan 289.927048 290.832345 290.217557 288.443267 nan 
651 280.985484 nan 289.658869 nan 289.897521 290.644431 290.066476 288.544344 nan 
652 284.029023 nan 289.746838 nan 289.907580 290.659115 290.067079 288.584491 nan 
653 286.216273 nan 289.231373 nan 289.589107 290.688777 289.904566 287.731027 nan 
654 294.429844 nan 289.779559 nan 289.622820 291.852112 290.343417 288.796591 nan 
655 300.471368 nan 290.739899 nan 289.851748 293.987862 291.160814 290.350713 nan 
656 303.379344 nan 291.765795 nan 290.131893 295.797545 292.108456 291.675822 nan 
657 306.714106 nan 292.850909 nan 290.446196 297.352804 293.153048 293.398921 nan 
658 309.423837 nan 300.125553 nan 292.651107 297.088864 293.916954 297.669889 nan 
659 307.773222 nan 299.665009 nan 293.038083 297.328121 294.455663 296.119738 nan 
660 308.708389 nan 296.988402 nan 292.301733 299.261045 295.384929 295.648664 nan 
661 306.473530 nan 296.687875 nan 292.200659 299.146315 295.775648 295.259649 nan 
662 304.851729 nan 296.299140 nan 292.135139 298.609192 295.740594 294.611664 nan 
663 302.395841 nan 295.810411 nan 292.053464 297.886133 295.463372 293.946712 nan 
664 298.594252 nan 295.324912 nan 291.997502 296.910211 295.037438 293.284960 nan 
665 295.005679 nan 294.707575 nan 291.924229 295.973788 294.455838 292.615611 nan 
666 290.440440 nan 294.062314 nan 291.782345 295.010627 293.824018 292.472371 nan 
667 286.354800 nan 293.850516 nan 291.672976 294.547776 293.496227 292.454262 nan 
668 283.599870 nan 293.539771 nan 291.567021 294.178414 293.223229 292.138617 nan 
669 280.350407 nan 293.147500 nan 291.430253 293.724664 292.845960 291.425307 nan 
670 279.850408 nan 293.048397 nan 291.365771 293.553738 292.733637 291.681683 nan 
671 281.696879 nan 292.862706 nan 291.301040 293.340152 292.574104 291.489102 nan 
672 282.970815 nan 292.579121 nan 291.199907 293.039848 292.322715 291.151602 nan 
673 283.824246 nan 291.979418 nan 291.004564 292.677772 292.005175 290.741385 nan 
674 284.104514 nan 289.339326 nan 290.220457 291.994242 291.370877 288.527440 nan 
675 283.847147 nan 289.139433 nan 289.786309 291.435134 290.850226 287.184926 nan 
676 283.916344 nan 289.919340 nan 290.189892 291.031027 290.480533 286.596295 nan 
677 284.660381 nan 289.565871 nan 290.146845 290.778900 290.261102 286.623689 nan 
678 285.661325 nan 289.229472 nan 290.078249 290.676435 290.175746 286.939893 nan 
679 287.035891 nan 289.161679 nan 290.058092 290.766475 290.275661 287.541299 nan 
680 287.519030 nan 289.176746 nan 290.037571 290.853043 290.366172 287.891809 nan 
681 289.258375 nan 289.474209 nan 290.089448 291.535577 290.685355 288.914427 nan 
682 289.549836 nan 290.672383 nan 290.430600 291.744920 291.059321 289.786812 nan 
683 289.188256 nan 290.665437 nan 290.457379 291.640006 291.059874 289.381523 nan 
684 288.710081 nan 290.087787 nan 290.285885 291.543218 290.951978 289.146744 nan 
685 288.782856 nan 289.780679 nan 290.175911 291.599720 290.800845 289.030671 nan 
686 287.574076 nan 289.505648 nan 290.059442 291.194568 290.567028 288.657462 nan 
687 287.812017 nan 289.298442 nan 289.945858 290.820238 290.348690 288.858464 nan 
688 287.385791 nan 289.069328 nan 289.820237 290.582834 290.154524 288.592610 nan 
689 286.569035 nan 288.738461 nan 289.656224 290.212046 289.844508 288.029397 nan 
690 286.101607 nan 288.525898 nan 289.471128 289.804638 289.483958 286.928491 nan 
691 285.705064 nan 288.331934 nan 289.358574 289.646046 289.345458 286.880604 nan 
692 285.102839 nan 288.260150 nan 289.290688 289.534320 289.248817 287.499998 nan 
693 284.092660 nan 288.213614 nan 289.222204 289.315618 289.046282 287.051085 nan 
694 282.960957 nan 288.087168 nan 289.124459 289.008067 288.753793 286.630615 nan 
695 282.327145 nan 287.952235 nan 289.031182 288.761013 288.520633 286.416071 nan 
696 281.124158 nan 287.753109 nan 288.924004 288.507474 288.280280 286.023134 nan 
697 279.645880 nan 287.514547 nan 288.804428 288.229517 288.014683 285.678878 nan 
698 279.660878 nan 287.364170 nan 288.713095 288.056274 287.852972 285.732988 nan 
699 278.826502 nan 287.215418 nan 288.623171 287.920438 287.727942 285.662642 nan 
700 280.540854 nan 287.109647 nan 288.530824 287.826228 287.563256 285.058081 nan 
701 285.087833 nan 286.984366 nan 288.433567 288.017476 287.489822 285.293391 nan 
702 287.739946 nan 287.170045 nan 288.437812 288.786265 287.785749 286.199007 nan 
703 289.140090 nan 287.515484 nan 288.510729 289.672206 288.237371 286.998125 nan 
704 292.273432 nan 287.976186 nan 288.625521 290.917537 288.788632 287.882241 nan 
705 299.687249 nan 288.633516 nan 288.808951 292.400727 289.569200 289.067321 nan 
706 299.681841 nan 293.766909 nan 290.382571 292.151825 290.186000 291.606435 nan 
707 303.491246 nan 295.569032 nan 291.448013 292.687288 290.617323 291.712080 nan 
708 302.579061 nan 290.703636 nan 290.264013 294.477886 291.135600 290.161520 nan 
709 303.571251 nan 289.766323 nan 290.010557 295.523434 291.557584 291.025652 nan 
710 300.252506 nan 289.746895 nan 289.890393 295.403937 291.644079 290.731338 nan 
711 297.858918 nan 289.888824 nan 289.787982 294.746230 291.501581 290.335810 nan 
712 293.073240 nan 290.000889 nan 289.303201 293.420850 291.129464 289.458411 nan 
713 289.476857 nan 289.431506 nan 288.847547 292.062519 290.357548 288.172133 nan 
714 282.411448 nan 289.174925 nan 288.907008 291.027795 289.823058 288.401645 nan 
715 275.059261 nan 288.954110 nan 288.881648 290.511413 289.487446 288.021613 nan 
716 271.357385 nan 288.787132 nan 288.829773 290.137868 289.228722 287.741139 nan 
717 270.198616 nan 288.674664 nan 288.785169 289.862736 289.036907 287.593030 nan 
718 270.038826 nan 288.592171 nan 288.747811 289.646864 288.886285 287.487040 nan 
719 269.914645 nan 288.521184 nan 288.713981 289.468853 288.762535 287.394016 nan 
720 272.462886 nan 288.529660 nan 288.620123 289.335194 288.676902 287.601984 nan 
721 274.834266 nan 288.396308 nan 288.491369 289.078458 288.463354 287.217844 nan 
722 275.953041 nan 288.305611 nan 288.400882 288.894221 288.317659 287.203698 nan 
723 274.329841 nan 288.059259 nan 288.265169 288.677341 288.136189 286.710137 nan 
724 275.995709 nan 287.907781 nan 288.143943 288.532154 287.985680 286.628337 nan 
725 285.416280 nan 288.099023 nan 288.137941 288.807404 288.191091 287.115969 nan 
726 291.708994 nan 288.502023 nan 288.178913 289.345217 288.597511 287.819910 nan 
727 294.507418 nan 289.021197 nan 288.253247 289.981289 289.125381 288.538107 nan 
728 295.876802 nan 289.483475 nan 288.346927 290.499299 289.604077 289.090562 nan 
729 293.458452 nan 288.731550 nan 288.287508 290.546997 289.846281 289.040500 nan 
730 289.070019 nan 286.484477 nan 287.751489 290.271672 289.752012 287.979330 nan 
731 289.041453 nan 285.900347 nan 287.621119 290.158125 289.708676 288.390198 nan 
732 288.870537 nan 285.443253 nan 287.474527 290.006867 289.555685 288.248299 nan 
733 288.395020 nan 285.445264 nan 287.386249 289.745918 289.338960 288.100669 nan 
734 286.706933 nan 285.471155 nan 287.252926 289.374516 289.014689 287.282188 nan 
735 285.939774 nan 285.288847 nan 287.068188 289.096144 288.764286 286.894237 nan 
736 285.136753 nan 285.053337 nan 286.870482 288.839541 288.530715 286.461704 nan 
737 284.741876 nan 284.947291 nan 286.711517 288.595625 288.307370 286.177845 nan 
738 284.122668 nan 284.764267 nan 286.557378 288.332350 288.062093 285.839920 nan 
739 283.923148 nan 284.743162 nan 286.458220 288.123704 287.868901 285.717937 nan 
740 283.960716 nan 284.825442 nan 286.424821 287.984526 287.744326 285.627869 nan 
741 283.838509 nan 284.880387 nan 286.397906 287.855745 287.629230 285.594183 nan 
742 283.871081 nan 286.319968 nan 287.010208 287.905618 287.688833 286.387920 nan 
743 283.902984 nan 286.879434 nan 287.306164 287.936264 287.730757 286.403048 nan 
