#### 	 Vertical City Weather Generator (VCWG)  	 #### 
# Temperature at the surfaces 
# 0:time [hr] 1:TRoofImp [K] 2:TRoofVeg [K] 3:TGroundImp [K] 4:TGroundBare [K] 5:TGroundVeg [K] 6:TWallSun [K] 7:TWallShade [K] 8:TTree [K] 9:TRural [K]
0 293.341623 nan 294.228814 nan 296.865283 296.351986 296.351986 290.186815 284.859624 
1 290.999048 nan 292.963793 nan 295.817800 295.063169 295.063169 289.468390 284.722243 
2 289.655277 nan 292.266355 nan 295.162396 294.250588 294.250588 289.070280 284.616367 
3 288.639312 nan 291.901912 nan 294.751702 293.662580 293.662580 288.822850 284.320341 
4 287.955816 nan 291.335184 nan 294.238801 293.123122 293.118843 288.006430 284.412985 
5 288.254990 nan 291.476812 nan 293.602061 292.992917 292.913607 288.311517 284.803253 
6 288.938515 nan 291.648021 nan 293.301162 292.980542 292.859499 288.621048 285.085525 
7 289.658410 nan 291.947172 nan 293.041294 293.092587 292.783767 288.835731 285.353445 
8 290.862468 nan 292.569211 nan 292.815074 293.406271 292.924838 289.480954 285.734370 
9 292.759830 nan 293.798316 nan 292.784592 294.125227 293.283367 290.419732 286.279020 
10 297.013034 nan 297.264907 nan 293.396236 296.181136 294.332283 292.938221 287.467121 
11 301.680036 nan 302.703437 nan 295.062317 298.420618 295.494957 295.095062 288.839568 
12 302.582286 nan 305.552911 nan 296.297388 298.374832 296.067740 294.595849 289.360188 
13 302.616086 nan 307.329280 nan 297.870950 297.576003 296.141861 294.996884 289.610653 
14 301.396867 nan 305.950046 nan 298.005023 297.294176 295.813629 293.156956 289.520915 
15 299.405515 nan 302.699641 nan 297.324101 297.273008 295.013513 291.414229 289.208189 
16 296.849928 nan 298.223604 nan 296.144196 296.658630 294.233911 290.316743 288.693507 
17 295.150064 nan 296.033900 nan 295.460259 296.370019 293.647245 289.791311 288.280000 
18 293.249624 nan 294.445724 nan 294.898641 294.800889 293.085182 289.430042 287.529559 
19 291.545637 nan 293.363958 nan 294.480551 293.773446 292.680986 289.777670 286.615746 
20 290.344587 nan 292.695708 nan 294.037875 293.157927 292.282584 289.309784 286.162997 
21 289.332652 nan 292.012008 nan 293.547681 292.524451 291.771811 288.602942 286.005581 
22 288.485052 nan 291.485251 nan 293.108643 291.988063 291.316077 288.160614 285.903465 
23 287.792166 nan 291.039633 nan 292.721442 291.540668 290.927765 287.755159 285.779203 
24 287.154448 nan 290.577370 nan 292.345430 291.100998 290.535171 287.313258 285.645823 
25 286.523690 nan 290.104649 nan 291.978443 290.656681 290.129287 286.846307 285.444754 
26 285.947449 nan 289.689592 nan 291.652199 290.252827 289.757565 286.500194 285.211289 
27 285.462582 nan 289.341749 nan 291.374065 289.905391 289.438320 286.266550 284.987902 
28 285.228097 nan 289.069089 nan 291.102667 289.620764 289.179615 285.834856 285.013913 
29 285.534750 nan 288.986934 nan 290.636082 289.488010 289.007057 285.564339 285.393240 
30 286.292539 nan 289.193281 nan 290.240121 289.609673 288.959328 285.790679 285.717013 
31 287.941843 nan 290.359542 nan 290.093973 290.357063 289.319457 286.961700 286.259337 
32 291.170701 nan 293.740398 nan 290.869760 292.713008 290.007712 289.046959 287.157573 
33 293.519569 nan 297.388858 nan 292.025350 294.442125 290.620425 289.827751 287.999174 
34 294.850649 nan 300.720712 nan 293.630800 295.240255 291.130584 290.397226 288.713568 
35 296.074105 nan 302.720183 nan 294.667644 295.577567 291.960510 291.496555 289.421273 
36 296.829384 nan 303.644866 nan 295.258479 295.490254 292.658619 291.980514 289.947718 
37 296.668327 nan 303.101965 nan 295.332979 294.830311 292.967748 291.673339 290.132969 
38 296.546596 nan 302.535866 nan 295.281831 294.795411 292.939863 291.240383 290.193890 
39 295.954183 nan 300.426981 nan 294.714541 295.309606 292.613786 290.099146 289.991087 
40 294.683225 nan 296.556360 nan 293.529329 295.868868 292.030275 289.128797 289.566018 
41 293.083295 nan 294.117787 nan 292.679129 295.022254 291.240518 287.422427 289.006573 
42 291.471190 nan 292.387356 nan 292.078281 293.317671 290.896080 288.135303 287.619061 
43 289.430412 nan 291.220959 nan 291.624369 292.562455 290.907905 288.347041 286.088715 
44 287.413000 nan 290.665386 nan 291.343361 292.607677 291.237272 289.228165 285.036887 
45 285.812956 nan 290.406104 nan 291.189344 292.868150 291.667992 289.773209 284.263442 
46 284.489161 nan 290.259699 nan 291.096909 292.877130 291.792794 289.956685 283.729767 
47 283.407985 nan 290.134535 nan 291.025747 292.561631 291.562569 289.462552 283.370943 
48 282.367383 nan 289.917480 nan 290.928796 292.117992 291.186421 288.694523 282.977522 
49 281.450336 nan 289.726868 nan 290.847626 291.845736 290.973559 288.670267 282.633499 
50 280.678595 nan 289.571269 nan 290.782889 291.649184 290.829602 288.527153 282.339071 
51 280.167050 nan 289.507915 nan 290.745254 291.410704 290.639488 288.346341 282.215218 
52 280.252500 nan 289.777768 nan 290.550196 290.890145 290.114744 287.138811 282.399063 
53 282.087628 nan 289.123708 nan 289.453760 290.445156 289.273724 285.897728 283.372265 
54 285.068245 nan 289.975789 nan 289.247235 291.225317 289.457130 286.931493 284.124457 
55 289.648535 nan 291.860479 nan 289.430580 292.853861 290.095517 288.745664 285.069528 
56 292.410526 nan 293.122865 nan 289.761027 293.524031 291.169298 289.893331 285.962054 
57 293.711662 nan 293.741280 nan 289.901174 293.635339 291.853488 290.250511 286.635432 
58 294.405814 nan 293.927901 nan 289.948273 293.595697 292.251990 290.350038 287.128914 
59 295.352819 nan 294.852381 nan 290.176581 293.929703 292.607044 290.901581 287.663787 
60 295.467352 nan 294.872456 nan 290.265871 293.864442 292.756575 290.641328 287.961328 
61 295.239401 nan 294.929201 nan 290.299968 293.637163 292.736930 290.578614 288.170383 
62 294.911252 nan 294.763067 nan 290.286091 293.444513 292.566246 290.096553 288.280401 
63 295.382263 nan 295.257160 nan 290.380670 293.957757 292.652871 290.611464 288.505439 
64 295.187979 nan 294.163871 nan 290.189151 294.703603 292.410776 289.872366 288.425954 
65 294.168686 nan 293.014386 nan 290.028637 294.811979 291.777446 288.718530 288.058748 
66 292.331417 nan 292.192558 nan 290.059617 293.291477 291.278833 288.725793 286.943376 
67 290.085269 nan 291.272466 nan 289.966131 292.330954 291.070592 288.403314 285.422204 
68 287.874596 nan 290.607062 nan 289.849036 291.995828 290.973372 288.431866 284.342337 
69 286.363344 nan 290.302197 nan 289.816738 292.034821 291.150285 289.172903 283.759425 
70 284.858460 nan 289.953620 nan 289.756819 291.901925 291.107096 288.619065 283.106407 
71 283.594146 nan 289.693515 nan 289.700472 291.732617 291.004670 289.028704 282.653296 
72 282.525896 nan 289.510436 nan 289.657345 291.602495 290.926101 288.542578 282.328751 
73 281.400540 nan 289.215800 nan 289.565981 291.322095 290.689242 288.023014 281.877733 
74 280.297084 nan 288.947499 nan 289.475441 291.124110 290.529598 287.956611 281.464159 
75 279.474969 nan 288.803033 nan 289.421373 291.068623 290.509407 288.138866 281.195505 
76 279.642756 nan 289.348837 nan 289.545767 290.794428 290.190453 287.526052 281.519245 
77 282.221579 nan 289.815235 nan 288.904677 290.831105 289.411850 286.858190 282.583512 
78 287.246305 nan 291.907124 nan 289.264296 292.805600 290.075351 289.197853 283.580113 
79 293.121833 nan 294.157969 nan 289.763035 294.962468 291.130663 291.016247 284.721715 
80 298.414765 nan 297.070615 nan 290.600889 297.564798 292.172949 292.726452 286.058194 
81 303.165245 nan 300.868412 nan 291.966824 300.341142 293.249191 294.721825 287.543617 
82 306.911366 nan 304.732854 nan 293.561231 302.405673 294.366399 296.230740 288.994935 
83 309.629863 nan 307.886786 nan 294.989958 303.297811 295.459009 297.842676 290.234676 
84 311.190349 nan 310.389461 nan 296.165817 302.987717 296.410168 299.203329 291.067278 
85 311.784006 nan 313.617960 nan 297.372689 301.501193 297.105232 300.113547 291.489148 
86 309.724767 nan 313.164819 nan 297.099337 301.344892 297.339314 297.495720 291.207483 
87 307.610618 nan 310.259210 nan 296.835701 302.290915 296.979166 295.945887 290.755469 
88 305.874295 nan 304.395863 nan 295.433896 304.274958 296.590917 295.752231 290.245302 
89 303.321519 nan 301.337895 nan 294.683184 303.068543 296.113321 294.047709 289.726571 
90 299.687883 nan 298.960846 nan 294.022872 299.691406 295.309750 293.257880 288.908944 
91 297.207791 nan 297.237300 nan 293.468262 298.085527 294.975574 293.570002 287.708252 
92 295.296821 nan 296.224464 nan 293.070990 297.455219 294.846277 293.423551 286.874556 
93 293.407792 nan 295.437834 nan 292.729702 296.801920 294.487747 292.493134 286.187835 
94 291.599407 nan 294.779456 nan 292.436021 296.237021 294.136805 292.149364 285.578327 
95 290.364807 nan 294.361308 nan 292.246188 295.566291 293.620398 291.282442 285.484546 
96 289.445220 nan 293.654722 nan 291.982634 294.825182 293.012806 290.510793 285.325404 
97 288.418742 nan 293.218476 nan 291.763618 294.378935 292.680585 290.232008 285.012702 
98 287.590921 nan 292.797703 nan 291.574198 293.952285 292.355774 289.898466 284.872558 
99 286.888296 nan 292.412264 nan 291.378509 293.549594 292.044580 289.605695 284.707303 
100 286.989123 nan 291.758767 nan 290.939652 293.049809 291.586520 288.552729 285.120886 
101 289.117890 nan 293.020283 nan 290.992646 293.813821 291.761661 290.133494 285.646504 
102 293.576940 nan 295.443838 nan 291.581336 296.173228 292.542313 292.126577 286.299902 
103 298.438276 nan 298.250822 nan 292.391694 299.059264 293.509382 293.967944 287.245763 
104 302.428533 nan 301.700660 nan 293.580094 301.903983 294.709119 295.845231 288.452439 
105 305.380822 nan 304.795645 nan 294.750495 304.005341 295.914972 297.162247 289.754120 
106 307.079610 nan 306.874556 nan 295.621423 304.796528 296.947062 297.770281 290.850240 
107 307.764664 nan 307.966804 nan 296.150481 304.521420 297.658182 298.162502 291.579096 
108 309.087309 nan 310.429792 nan 297.114333 304.261426 298.241299 299.494446 292.304757 
109 309.036234 nan 311.494604 nan 297.627034 302.802834 298.610013 299.350132 292.498878 
110 308.484667 nan 312.010498 nan 297.630343 302.882069 298.719177 298.485246 292.433105 
111 307.350469 nan 310.876703 nan 297.490006 304.055415 298.607363 297.261439 292.108630 
112 305.100129 nan 305.573197 nan 296.298280 304.741825 298.041986 296.040209 291.530899 
113 302.705958 nan 302.463369 nan 295.533405 303.656428 297.227637 294.410350 290.935484 
114 299.755311 nan 300.075737 nan 294.908252 300.845526 296.457617 294.037284 289.899337 
115 297.317062 nan 298.327302 nan 294.380503 299.430817 296.267998 294.698416 288.508900 
116 294.977436 nan 297.238246 nan 293.990084 298.898755 296.205840 294.642838 287.454411 
117 292.921453 nan 296.463768 nan 293.673916 298.335685 295.932528 294.130383 286.691359 
118 291.096951 nan 295.818787 nan 293.396064 297.802380 295.604853 293.587921 286.059484 
119 289.467224 nan 295.257924 nan 293.152065 297.327476 295.290002 293.132669 285.518695 
120 288.013966 nan 294.762543 nan 292.938082 296.904614 295.000559 292.756120 285.047462 
121 286.710037 nan 294.314864 nan 292.746772 296.517945 294.730676 292.430115 284.623753 
122 285.524400 nan 293.895683 nan 292.569460 296.118790 294.436701 292.042308 284.230955 
123 284.417955 nan 293.509544 nan 292.401458 295.681669 294.090275 291.427169 283.899128 
124 284.387244 nan 293.646298 nan 292.307233 295.113309 293.541385 290.463270 284.155046 
125 286.849556 nan 294.003977 nan 291.894021 295.290540 292.975983 290.636020 285.083416 
126 291.987473 nan 296.446526 nan 292.474183 297.602426 293.648181 293.157788 285.936943 
127 298.710372 nan 299.505126 nan 293.337985 300.659373 294.701045 295.314879 287.016124 
128 304.586192 nan 302.820880 nan 294.384874 303.576566 295.864728 297.264927 288.337501 
129 309.463337 nan 306.076416 nan 295.513005 305.994533 297.036320 298.871913 289.796810 
130 312.686471 nan 308.674330 nan 296.490755 307.230444 298.046518 299.176468 291.160017 
131 313.706827 nan 309.632338 nan 297.004685 306.840780 298.704087 299.447016 291.987829 
132 315.193770 nan 311.586560 nan 297.772017 306.353730 299.478600 301.319223 292.778118 
133 315.608111 nan 312.698140 nan 298.447290 304.760423 299.896757 301.512395 293.077991 
134 314.823421 nan 311.691790 nan 298.272670 304.897330 300.110069 300.314261 292.995695 
135 313.561297 nan 309.792889 nan 297.679557 306.587411 300.118386 299.295450 292.652629 
136 311.609142 nan 306.055258 nan 296.718939 309.106979 300.015661 299.592354 292.102059 
137 308.379944 nan 304.182032 nan 296.313995 307.697246 299.504814 297.452061 291.493876 
138 303.997750 nan 302.194421 nan 295.922694 303.819457 298.568362 296.577118 290.591843 
139 300.716212 nan 300.684655 nan 295.483271 301.689003 297.907285 296.426903 289.284128 
140 298.411791 nan 299.520341 nan 295.121283 300.635183 297.435139 295.597213 288.326860 
141 296.251998 nan 298.569982 nan 294.796308 299.592115 296.748733 294.436844 287.618245 
142 294.332893 nan 297.573285 nan 294.494717 298.658906 296.065082 293.505851 287.067004 
143 292.682583 nan 296.617563 nan 294.204007 297.837807 295.436370 292.661930 286.628923 
144 291.247871 nan 295.809556 nan 293.902426 297.108763 294.866168 292.017310 286.257474 
145 289.998719 nan 295.241395 nan 293.652390 296.552792 294.447661 291.687070 285.941405 
146 288.885224 nan 294.851039 nan 293.457181 296.138522 294.156506 291.531625 285.666639 
147 287.953908 nan 294.514967 nan 293.287835 295.770809 293.902354 291.327475 285.458495 
148 287.968356 nan 294.133646 nan 292.924166 295.349325 293.528692 290.371378 285.819494 
149 290.172804 nan 295.446542 nan 292.954903 296.138462 293.812861 292.218386 286.549596 
150 294.254128 nan 297.335411 nan 293.441952 297.746449 294.791142 294.026929 287.260148 
151 298.602646 nan 299.243875 nan 293.977159 299.186336 296.049745 295.754403 288.142319 
152 302.080687 nan 300.872013 nan 294.412953 300.309015 297.261873 296.762105 289.042001 
153 306.490260 nan 303.958995 nan 295.225878 302.639653 298.402664 298.466528 290.288291 
154 310.951571 nan 307.184045 nan 296.220219 304.935165 299.528685 299.840466 291.669248 
155 314.401583 nan 310.528078 nan 297.491677 306.430368 300.455137 301.330369 292.915380 
156 316.781987 nan 313.737106 nan 299.010590 306.871598 301.174545 302.930438 293.828774 
157 317.283623 nan 315.381794 nan 300.113026 305.716704 301.805403 303.627173 294.225163 
158 315.262293 nan 312.534488 nan 299.494193 305.711879 301.852783 301.114012 294.135701 
159 312.143879 nan 308.190728 nan 298.048804 305.793571 301.201015 299.090015 293.652052 
160 309.948954 nan 305.067641 nan 297.260025 306.942916 300.703746 299.074081 293.085925 
161 306.836587 nan 303.303096 nan 296.977240 305.258145 299.985394 297.650732 292.484947 
162 303.096704 nan 301.570676 nan 296.664093 302.420885 299.017817 296.540274 291.837309 
163 300.176638 nan 300.225058 nan 296.319244 300.753763 298.167781 296.276015 290.783277 
164 298.100786 nan 299.080689 nan 295.994539 299.730473 297.500916 295.390067 290.118781 
165 296.596256 nan 298.266655 nan 295.703059 298.979804 296.977595 294.966832 289.775446 
166 295.330829 nan 297.438659 nan 295.396225 298.311653 296.474758 294.181218 289.421030 
167 294.138247 nan 296.521378 nan 295.028218 297.600094 295.893346 293.398245 289.199649 
168 293.170934 nan 295.850747 nan 294.707667 297.000765 295.403364 292.938029 289.011879 
169 292.392317 nan 295.337941 nan 294.449138 296.511967 295.011228 292.576706 288.813192 
170 291.602519 nan 295.231011 nan 294.334612 296.192342 294.777311 292.700944 288.474338 
171 291.024434 nan 295.249537 nan 294.305755 296.052935 294.717306 292.792791 288.387280 
172 291.261090 nan 294.598803 nan 293.936299 295.604815 294.337799 292.141147 288.763374 
173 293.016341 nan 295.459900 nan 293.908606 296.096133 294.691387 293.453322 289.165591 
174 296.776474 nan 297.860070 nan 294.387028 298.120264 295.423872 295.129406 289.665096 
175 300.877161 nan 299.904000 nan 294.826026 300.197618 296.354638 296.375551 290.377380 
176 304.424896 nan 302.029724 nan 295.361397 301.975028 297.332238 297.794304 291.283609 
177 307.514734 nan 304.147228 nan 296.016172 303.566226 298.149809 298.663097 292.228594 
178 310.431215 nan 306.515480 nan 296.832419 304.906106 299.047596 299.846275 293.279601 
179 311.728686 nan 307.358214 nan 297.213253 305.073509 299.880090 300.020421 294.080333 
180 311.279521 nan 307.083077 nan 297.255228 304.284229 300.242535 299.869451 294.433537 
181 311.304106 nan 308.004424 nan 297.677288 303.304879 300.344157 300.672716 294.654572 
182 311.236669 nan 307.806928 nan 297.816559 303.452335 300.297280 300.008960 294.659495 
183 310.139865 nan 306.227269 nan 297.484520 304.576518 300.045389 298.957085 294.369042 
184 308.412246 nan 303.438057 nan 296.896794 306.165518 299.812231 298.785781 293.913237 
185 305.970797 nan 302.197522 nan 296.679976 305.031566 299.344176 297.252661 293.373586 
186 302.732224 nan 300.879136 nan 296.473746 302.260417 298.601453 296.648451 292.674553 
187 299.959532 nan 299.951513 nan 296.172382 300.557293 297.958357 296.494302 291.491366 
188 298.158939 nan 299.201949 nan 295.915072 299.982937 297.790394 296.279279 290.558843 
189 296.405324 nan 298.557817 nan 295.695701 299.344799 297.402328 295.660108 289.887509 
190 294.800388 nan 297.992722 nan 295.498610 298.781265 297.012794 295.111535 289.335010 
191 293.341742 nan 297.486595 nan 295.318524 298.271981 296.636644 294.617412 288.856119 
192 292.036354 nan 297.023092 nan 295.149128 297.798504 296.272593 294.155919 288.425786 
193 290.848877 nan 296.592017 nan 294.987781 297.377428 295.946262 293.781501 288.021644 
194 289.745105 nan 296.186715 nan 294.833059 297.001811 295.655644 293.455353 287.631031 
195 288.768467 nan 295.838565 nan 294.694080 296.638986 295.370751 293.135429 287.307033 
196 288.805609 nan 295.527134 nan 294.434104 296.214638 294.954622 292.150511 287.563557 
197 291.166404 nan 296.710585 nan 294.440847 296.925792 294.935588 293.647548 288.303763 
198 296.095091 nan 299.363582 nan 295.178277 299.425830 295.855643 296.044234 289.044312 
199 302.532425 nan 302.576348 nan 296.059101 302.540048 297.052860 298.085657 290.043327 
200 308.313942 nan 306.024386 nan 297.069056 305.509824 298.324780 299.735000 291.293647 
201 313.090199 nan 309.343382 nan 298.126827 307.941815 299.561269 301.086591 292.691012 
202 316.604857 nan 312.166764 nan 299.186960 309.418584 300.704628 302.018162 294.049055 
203 319.003858 nan 314.448850 nan 300.224489 309.937972 301.664633 303.215673 295.199791 
204 320.390181 nan 315.996673 nan 301.119256 309.441753 302.441026 304.522302 295.988114 
205 320.794969 nan 317.110359 nan 301.930194 307.775865 302.980100 305.254203 296.346606 
206 320.044212 nan 315.493772 nan 301.717476 308.097935 303.263819 303.631187 296.270392 
207 318.329974 nan 312.740880 nan 300.908474 309.880919 303.223736 302.232550 295.855465 
208 315.000530 nan 308.301546 nan 299.861415 311.349438 302.834887 301.923100 295.136981 
209 311.457147 nan 306.650900 nan 299.383471 309.923207 302.198701 300.133778 294.446198 
210 307.258258 nan 304.900578 nan 298.936406 306.302939 301.267715 299.346058 293.518028 
211 303.760452 nan 303.656749 nan 298.424446 304.093421 300.506076 299.130564 292.148247 
212 301.324815 nan 302.541862 nan 298.019585 303.228825 300.200474 298.729877 291.069539 
213 298.985923 nan 301.603819 nan 297.679667 302.395234 299.708392 297.930314 290.283759 
214 296.870953 nan 300.788200 nan 297.376299 301.659298 299.210840 297.218525 289.637133 
215 294.977009 nan 300.080086 nan 297.105982 301.012895 298.747549 296.587923 289.091972 
216 293.292239 nan 299.450390 nan 296.858912 300.413103 298.298712 296.010694 288.618509 
217 291.784162 nan 298.878429 nan 296.629914 299.873558 297.890225 295.520952 288.184291 
218 290.418002 nan 298.356057 nan 296.417260 299.395660 297.530006 295.124343 287.779183 
219 289.230052 nan 297.909063 nan 296.227458 298.929947 297.172346 294.694502 287.452234 
220 289.105108 nan 297.210132 nan 295.738444 298.175546 296.445734 292.793609 287.692314 
221 291.461003 nan 298.205921 nan 295.507058 298.726006 296.232318 294.053652 288.523143 
222 296.678855 nan 300.931328 nan 296.167569 301.220884 297.103997 296.553346 289.325446 
223 303.414202 nan 304.232783 nan 297.030656 304.368381 298.285805 298.653797 290.366934 
224 309.485461 nan 307.756178 nan 298.037594 307.348623 299.540973 300.497770 291.655742 
225 314.459582 nan 311.115247 nan 299.158815 309.764680 300.768147 302.062729 293.086069 
226 318.254566 nan 314.130209 nan 300.376410 311.303882 301.894314 303.446038 294.471524 
227 320.706958 nan 316.267998 nan 301.437649 311.726193 302.887979 304.791249 295.632695 
228 321.865071 nan 317.533891 nan 302.305653 311.074273 303.611604 305.728610 296.445419 
229 320.923812 nan 317.088777 nan 302.551981 309.026784 303.968390 305.011986 296.618941 
230 319.718961 nan 315.507330 nan 302.213342 309.024888 304.078050 303.844883 296.540533 
231 316.796211 nan 311.758643 nan 301.124087 309.687420 303.688904 301.594663 296.061094 
232 312.885480 nan 307.923814 nan 300.209860 309.529149 303.127668 300.913707 295.460566 
233 309.878913 nan 306.104190 nan 299.867996 308.558081 302.377535 300.181843 294.871709 
234 306.300296 nan 304.506319 nan 299.529905 305.854351 301.434338 299.199371 294.092856 
235 303.043079 nan 303.288762 nan 299.107806 303.873209 300.575687 298.826513 292.874010 
236 301.114512 nan 302.867499 nan 298.794275 303.112576 300.249888 298.490789 292.086460 
237 299.197121 nan 302.101617 nan 298.474241 302.312505 299.736577 297.846227 291.363390 
238 297.363230 nan 301.428317 nan 298.207888 301.654694 299.288488 297.266357 290.779328 
239 295.735742 nan 300.659112 nan 297.896748 301.019277 298.819051 296.630346 290.276679 
240 294.229180 nan 300.028602 nan 297.641006 300.460984 298.401289 296.138629 289.815635 
241 292.789288 nan 299.486483 nan 297.402638 299.958475 298.023093 295.741797 289.325496 
242 291.503247 nan 299.024798 nan 297.214025 299.526076 297.704183 295.425532 288.931071 
243 290.412036 nan 298.551152 nan 297.015031 299.075582 297.358169 295.072329 288.604054 
244 290.286770 nan 297.919680 nan 296.591975 298.504548 296.823026 293.679098 288.830549 
245 292.516473 nan 298.652099 nan 296.249917 298.999177 296.625814 294.454418 289.584315 
246 297.421406 nan 300.792415 nan 296.606938 301.149163 297.243704 296.468477 290.342567 
247 303.049426 nan 303.400569 nan 297.223685 303.922499 298.131712 298.029683 291.336057 
248 307.999062 nan 306.238304 nan 298.051045 306.553742 299.086728 299.502957 292.579564 
249 312.016297 nan 308.950376 nan 298.984294 308.643489 300.039330 300.657535 293.959162 
250 315.098888 nan 311.863042 nan 300.175702 309.998361 301.023320 301.913659 295.309842 
251 316.863010 nan 313.838196 nan 301.214696 310.257852 302.061410 303.283429 296.362123 
252 317.495650 nan 314.695223 nan 301.944836 309.540478 302.796328 304.278878 297.007362 
253 317.381964 nan 314.154042 nan 302.297357 307.854500 303.187134 304.400531 297.266046 
254 315.646515 nan 309.424851 nan 301.144096 307.470039 303.090932 302.012894 297.053787 
255 313.194925 nan 305.188793 nan 299.814253 307.800833 302.583384 300.572626 296.595972 
256 311.092877 nan 302.664909 nan 299.157710 309.041332 302.176616 300.495528 296.052468 
257 308.543517 nan 302.386912 nan 299.050864 308.093346 301.566297 299.300489 295.455320 
258 304.984278 nan 301.680453 nan 298.959108 305.015183 300.691481 298.705489 294.825453 
259 302.141433 nan 301.338803 nan 298.791509 303.182275 299.953080 298.576704 293.820405 
260 300.340778 nan 301.628326 nan 298.661635 302.490632 299.707002 298.569364 292.908731 
261 298.713140 nan 301.432300 nan 298.522769 301.970324 299.473383 298.193930 292.266215 
262 297.153098 nan 300.993696 nan 298.361344 301.419403 299.129182 297.670264 291.703472 
263 295.669573 nan 300.526717 nan 298.201014 300.897253 298.763105 297.000912 291.223941 
264 294.352430 nan 299.919372 nan 298.008626 300.343316 298.349930 296.552214 290.806461 
265 293.267364 nan 299.371683 nan 297.813756 299.811337 297.941044 296.074058 290.491588 
266 292.388975 nan 298.866167 nan 297.609863 299.307522 297.547248 295.602984 290.271185 
267 291.703002 nan 298.345218 nan 297.377027 298.789950 297.130877 295.094582 290.146911 
268 291.815000 nan 297.666030 nan 296.868319 298.211986 296.583068 294.196584 290.436229 
269 293.833472 nan 298.774871 nan 296.815545 298.918709 296.728870 295.434805 290.956690 
270 297.687176 nan 300.122383 nan 296.844214 300.423669 297.320813 296.248706 291.626547 
271 302.147847 nan 302.292097 nan 297.208605 302.715130 297.971016 297.670086 292.497321 
272 306.237442 nan 304.564901 nan 297.793428 304.746217 298.852483 298.918966 293.486925 
273 308.691197 nan 306.884405 nan 298.607575 306.013344 299.747579 299.790168 294.436228 
274 310.370051 nan 309.088515 nan 299.421661 306.929157 300.763469 300.766391 295.402030 
275 312.313869 nan 311.040394 nan 300.156513 307.533650 301.693792 301.935955 296.356474 
276 314.461856 nan 313.417843 nan 301.258320 307.760753 302.334735 303.333678 297.199974 
277 313.647171 nan 312.425246 nan 301.524586 306.353292 302.589859 302.720520 297.493295 
278 310.390958 nan 305.542881 nan 299.684217 305.474361 302.084453 299.941778 297.147867 
279 309.376287 nan 300.600453 nan 298.038878 306.269408 301.308577 299.146207 296.836351 
280 307.368773 nan 297.366575 nan 297.005283 306.793282 300.765934 298.108092 296.365555 
281 303.994800 nan 297.232963 nan 296.851279 304.066861 299.889435 296.661277 295.815207 
282 301.180781 nan 297.568457 nan 296.937659 301.985406 299.001924 296.174858 295.046794 
283 299.225242 nan 299.097334 nan 297.307790 301.067561 298.649488 297.140461 293.644029 
284 297.408444 nan 299.817411 nan 297.499601 300.753830 298.620300 297.144004 292.620452 
285 295.780781 nan 299.681870 nan 297.519934 300.268231 298.328941 296.719413 291.935181 
286 294.370492 nan 299.364164 nan 297.464410 299.779719 297.988470 296.212991 291.415177 
287 293.083553 nan 298.867809 nan 297.331969 299.276345 297.605763 295.694103 290.915498 
288 291.840725 nan 298.459285 nan 297.200498 298.862415 297.296138 295.336467 290.412138 
289 290.761435 nan 298.086203 nan 297.072582 298.464767 296.992106 294.965363 290.034613 
290 289.823961 nan 297.692953 nan 296.917014 298.044995 296.657607 294.579928 289.689053 
291 289.168859 nan 297.334562 nan 296.762466 297.634719 296.326715 294.251872 289.573478 
292 289.360074 nan 296.525210 nan 296.235254 297.019267 295.742791 292.894971 289.903751 
293 291.267353 nan 297.108256 nan 295.838324 297.359870 295.625280 293.601943 290.599717 
294 293.876712 nan 297.741021 nan 295.759694 297.948302 296.115057 294.565493 291.205829 
295 297.061403 nan 298.834482 nan 295.800560 298.764600 296.767566 295.612892 291.885875 
296 300.982778 nan 300.753793 nan 296.080400 300.369907 297.669712 297.099301 292.807473 
297 304.142407 nan 302.193664 nan 296.375375 301.503873 298.689483 298.191004 293.716484 
298 307.935905 nan 305.005207 nan 297.138706 303.292462 299.765928 299.981654 294.850945 
299 310.646244 nan 306.615876 nan 297.747443 304.330569 300.587871 300.394556 295.812300 
300 310.887146 nan 307.249071 nan 298.193881 304.152111 300.962159 300.473875 296.378535 
301 308.387669 nan 305.023321 nan 297.885545 302.823202 300.700129 298.666078 296.185714 
302 306.660087 nan 302.819686 nan 297.201507 302.080898 300.244682 298.002359 296.018266 
303 307.003976 nan 302.626653 nan 297.188405 303.238295 299.854385 297.909218 295.977039 
304 305.321121 nan 299.971463 nan 296.838575 304.079461 299.366411 297.205483 295.592167 
305 302.859960 nan 298.791129 nan 296.595967 303.192136 298.617855 295.760796 295.132685 
306 300.359440 nan 298.411300 nan 296.640425 300.922136 297.966755 295.900952 294.490551 
307 298.379335 nan 298.299999 nan 296.667914 299.541437 297.519559 295.954059 293.605889 
308 296.987313 nan 298.556241 nan 296.695927 299.075189 297.388089 296.008301 292.779937 
309 295.558418 nan 298.451059 nan 296.667994 298.738203 297.254556 295.805512 292.073750 
310 294.268410 nan 298.204372 nan 296.614756 298.395196 297.051374 295.546867 291.560034 
311 293.052764 nan 297.856251 nan 296.524106 298.037993 296.798818 295.149054 291.021581 
312 292.095166 nan 297.546411 nan 296.446475 297.678532 296.524541 294.833683 290.760370 
313 291.385463 nan 297.162555 nan 296.315406 297.266785 296.185478 294.396382 290.540962 
314 290.889371 nan 296.824421 nan 296.181196 296.895770 295.879281 294.090397 290.502659 
315 290.764030 nan 295.943952 nan 295.811435 296.366328 295.406127 293.273416 290.746953 
316 291.270083 nan 295.554840 nan 295.494760 295.978253 295.066584 292.883066 291.228915 
317 292.702246 nan 296.126919 nan 295.308010 296.274937 295.280063 293.844734 291.678898 
318 295.527716 nan 297.272916 nan 295.325903 297.175982 295.841181 294.762918 292.220445 
319 299.805688 nan 299.811660 nan 295.748543 299.506156 296.636732 296.549058 292.982847 
320 304.280110 nan 302.402885 nan 296.402748 301.939220 297.576458 297.986730 293.938257 
321 308.673389 nan 305.598263 nan 297.367020 304.450886 298.530318 299.572283 295.138104 
322 312.327341 nan 308.258670 nan 298.259604 306.154256 299.620739 300.624951 296.389701 
323 314.365645 nan 310.029002 nan 299.013873 306.662323 300.388664 301.159944 297.369637 
324 314.482972 nan 310.117200 nan 299.316527 305.864936 300.862653 301.166629 297.841583 
325 314.302681 nan 310.844736 nan 299.853573 304.465469 301.071129 301.570687 298.070040 
326 314.449539 nan 310.285142 nan 300.053679 304.887833 301.196958 301.100567 298.131772 
327 313.434656 nan 307.815306 nan 299.550794 306.578386 301.111768 300.168872 297.776534 
328 311.036749 nan 304.440974 nan 298.801736 308.008407 300.938999 299.995701 297.211465 
329 308.249048 nan 303.305036 nan 298.563412 307.016774 300.437977 298.416963 296.610944 
330 304.906778 nan 302.475442 nan 298.389681 304.026720 299.798178 298.248738 295.680707 
331 302.300357 nan 302.000270 nan 298.108918 302.362685 299.472302 298.635349 294.437923 
332 300.259128 nan 301.298660 nan 297.874464 301.732856 299.333640 298.216553 293.468079 
333 298.363235 nan 300.695002 nan 297.680705 301.133016 299.026809 297.832975 292.791016 
334 296.668597 nan 300.143601 nan 297.499878 300.641909 298.736381 297.405822 292.204530 
335 295.151231 nan 299.677721 nan 297.343318 300.234416 298.479046 297.093292 291.732216 
